Encode Order, Type, POC, QP, Bits, Scenecut, I/P cost ratio, Y PSNR, U PSNR, V PSNR, YUV PSNR, Latency, List 0, List 1, Intra 64x64 DC, Intra 64x64 Planar, Intra 64x64 Ang, Intra 32x32 DC, Intra 32x32 Planar, Intra 32x32 Ang, Intra 16x16 DC, Intra 16x16 Planar, Intra 16x16 Ang, Intra 8x8 DC, Intra 8x8 Planar, Intra 8x8 Ang, 4x4, Inter 64x64, Inter 32x32, Inter 16x16, Inter 8x8, Skip 64x64, Skip 32x32, Skip 16x16, Skip 8x8, Merge 64x64, Merge 32x32, Merge 16x16, Merge 8x8, Avg Luma Distortion, Avg Chroma Distortion, Avg psyEnergy, Avg Residual Energy, Min Luma Level, Max Luma Level, Avg Luma Level, Min Cb Level, Max Cb Level, Avg Cb Level, Min Cr Level, Max Cr Level, Avg Cr Level, Intra 64x64, Skip 64x64, AMP 64, Inter 64x64, Merge 64x64, Inter 64x32, Merge 64x32, Inter 32x64, Merge 32x64, Intra 32x32, Skip 32x32, AMP 32, Inter 32x32, Merge 32x32, Inter 32x16, Merge 32x16, Inter 16x32, Merge 16x32, Intra 16x16, Skip 16x16, AMP 16, Inter 16x16, Merge 16x16, Inter 16x8, Merge 16x8, Inter 8x16, Merge 8x16, Intra 8x8, Skip 8x8, AMP 8, Inter 8x8, Merge 8x8, Inter 8x4, Merge 8x4, Inter 4x8, Merge 4x8, 4x4, DecideWait (ms), Row0Wait (ms), Wall time (ms), Ref Wait Wall (ms), Total CTU time (ms),Stall Time (ms), Total frame time (ms), Avg WPP, Row Blocks
0, I-SLICE,    0, 24.00,    1860184, 0,0.00,39.621, 40.952, 43.316, 40.249,23,  -, -, 0.00%,  0.00%,  0.00%, 0.34%,  0.87%,  0.64%, 2.54%,  2.75%,  6.31%,11.75%,  8.71%, 30.80%,35.30%,  0.00%,  0.00%,  0.00%,  0.00%,  0.00%,  0.00%,  0.00%,  0.00%,  0.00%,  0.00%,  0.00%,  0.00%, 29074.52, 8675.79, 0.00, 447933.71 , 0, 255, 113.51, 19, 176, 117.14, 90, 232, 136.18, 0.00%, 0.00%,0.00%, 0.00%, 0.00%, 0.00%, 0.00%, 0.00%, 0.00%, 100.00%, 0.00%,0.00%, 0.00%, 0.00%, 0.00%, 0.00%, 0.00%, 0.00%, 100.00%, 0.00%,0.00%, 0.00%, 0.00%, 0.00%, 0.00%, 0.00%, 0.00%, 97.71%, 0.00%,0.00%, 2.29%, 0.00%, 0.00%, 0.00%, 0.00%, 0.00%,100.00%, 11558.0, 104.7, 138436.7, 130472.8, 0.0, 0.0, 149412.6, 1.000, 0
1, P-SLICE,    1, 27.00,     211312, 0,0.00,37.263, 39.146, 42.558, 38.160,23, 0 , -, 0.00%,  0.00%,  0.00%, 0.11%,  0.07%,  0.10%, 0.29%,  0.12%,  0.65%, 1.78%,  1.01%,  4.69%, 0.00%,  0.08%,  4.91%, 13.69%, 33.56%,  0.00%,  1.03%,  2.74%,  5.97%,  0.19%,  6.06%, 12.85%, 10.08%, 52533.29, 12333.31, 0.00, 112524.48 , 0, 255, 113.48, 18, 180, 117.22, 91, 232, 136.14, 0.00%, 69.57%,0.00%, 26.09%, 4.35%, 0.00%, 0.00%, 0.00%, 0.00%, 2.27%, 57.75%,0.00%, 25.77%, 14.22%, 0.00%, 0.00%, 0.00%, 0.00%, 3.52%, 51.38%,0.00%, 24.21%, 20.89%, 0.00%, 0.00%, 0.00%, 0.00%, 12.47%, 26.74%,0.00%, 30.68%, 30.11%, 0.00%, 0.00%, 0.00%, 0.00%,0.00%, 373.1, 82.0, 16925.3, 15553.3, 0.0, 0.0, 166380.1, 1.000, 0
2, P-SLICE,    2, 27.00,     220352, 0,0.00,37.287, 39.199, 42.398, 38.165,23, 1 0 , -, 0.00%,  0.00%,  0.00%, 0.04%,  0.01%,  0.04%, 0.10%,  0.10%,  0.58%, 1.17%,  0.47%,  3.99%, 0.00%,  0.61%,  5.72%, 14.83%, 43.23%,  0.00%,  0.63%,  1.61%,  4.16%,  1.85%,  3.72%,  4.42%, 12.69%, 50890.00, 12093.94, 0.00, 88816.17 , 0, 255, 113.39, 20, 177, 117.26, 91, 232, 136.16, 0.00%, 75.15%,0.00%, 18.93%, 5.92%, 0.00%, 0.00%, 0.00%, 0.00%, 1.00%, 42.75%,0.00%, 30.99%, 25.25%, 0.00%, 0.00%, 0.00%, 0.00%, 3.64%, 27.85%,0.00%, 33.58%, 34.93%, 0.00%, 0.00%, 0.00%, 0.00%, 8.12%, 24.35%,0.00%, 35.55%, 31.98%, 0.00%, 0.00%, 0.00%, 0.00%,0.00%, 274.1, 6.6, 16097.8, 14804.5, 0.0, 0.0, 182411.8, 1.000, 0
3, P-SLICE,    3, 27.00,     220456, 0,0.00,37.277, 39.200, 42.297, 38.145,23, 2 1 0 , -, 0.00%,  0.00%,  0.00%, 0.01%,  0.00%,  0.04%, 0.15%,  0.07%,  0.46%, 0.93%,  0.39%,  4.30%, 0.00%,  0.52%,  5.81%, 14.53%, 43.77%,  0.00%,  0.37%,  1.48%,  4.91%,  2.46%,  2.56%,  5.09%, 12.13%, 50494.57, 12063.17, 0.00, 84738.15 , 0, 255, 113.31, 20, 181, 117.22, 91, 232, 136.18, 0.00%, 82.41%,0.00%, 10.55%, 7.04%, 0.00%, 0.00%, 0.00%, 0.00%, 0.68%, 33.33%,0.00%, 33.33%, 32.65%, 0.00%, 0.00%, 0.00%, 0.00%, 3.16%, 30.17%,0.00%, 31.62%, 35.05%, 0.00%, 0.00%, 0.00%, 0.00%, 8.02%, 24.34%,0.00%, 35.07%, 32.57%, 0.00%, 0.00%, 0.00%, 0.00%,0.00%, 295.3, 0.4, 15111.5, 13758.0, 0.0, 0.0, 197525.5, 1.000, 0
4, P-SLICE,    4, 27.00,     222368, 0,0.00,37.254, 39.162, 42.181, 38.108,23, 3 2 1 , -, 0.00%,  0.00%,  0.00%, 0.03%,  0.02%,  0.06%, 0.14%,  0.09%,  0.36%, 0.71%,  0.34%,  3.75%, 0.00%,  0.65%,  5.90%, 15.31%, 45.76%,  0.00%,  0.36%,  1.64%,  4.62%,  2.59%,  2.37%,  4.77%, 10.52%, 50490.43, 12183.23, 0.00, 83125.15 , 0, 255, 113.19, 19, 178, 117.21, 90, 231, 136.14, 0.00%, 79.90%,0.00%, 11.48%, 8.61%, 0.00%, 0.00%, 0.00%, 0.00%, 1.24%, 31.21%,0.00%, 33.16%, 34.40%, 0.00%, 0.00%, 0.00%, 0.00%, 2.64%, 28.75%,0.00%, 31.46%, 37.15%, 0.00%, 0.00%, 0.00%, 0.00%, 6.92%, 21.81%,0.00%, 35.87%, 35.40%, 0.00%, 0.00%, 0.00%, 0.00%,0.00%, 288.4, 1.3, 17079.4, 15751.2, 0.0, 0.0, 214647.7, 1.000, 0
5, P-SLICE,    5, 27.00,     217872, 0,0.00,37.212, 39.164, 42.086, 38.066,23, 4 3 2 , -, 0.00%,  0.00%,  0.00%, 0.00%,  0.00%,  0.01%, 0.07%,  0.06%,  0.28%, 0.61%,  0.40%,  2.85%, 0.00%,  0.94%,  5.20%, 15.49%, 45.82%,  0.00%,  0.48%,  1.95%,  5.48%,  2.05%,  2.15%,  4.98%, 11.18%, 50872.35, 12235.95, 0.00, 78204.23 , 0, 255, 113.09, 19, 178, 117.24, 90, 232, 136.16, 0.00%, 68.63%,0.00%, 21.57%, 9.80%, 0.00%, 0.00%, 0.00%, 0.00%, 0.19%, 33.58%,0.00%, 30.60%, 35.63%, 0.00%, 0.00%, 0.00%, 0.00%, 1.80%, 30.34%,0.00%, 33.61%, 34.25%, 0.00%, 0.00%, 0.00%, 0.00%, 5.53%, 23.85%,0.00%, 34.62%, 36.00%, 0.00%, 0.00%, 0.00%, 0.00%,0.00%, 155.5, 0.4, 14205.6, 13426.8, 0.0, 0.0, 228680.4, 1.000, 0
6, P-SLICE,    6, 27.00,     207440, 0,0.00,37.206, 39.142, 42.023, 38.050,23, 5 4 3 , -, 0.00%,  0.00%,  0.00%, 0.05%,  0.02%,  0.02%, 0.03%,  0.02%,  0.41%, 0.42%,  0.20%,  2.56%, 0.00%,  0.69%,  5.85%, 14.06%, 45.43%,  0.00%,  0.53%,  2.19%,  5.08%,  2.19%,  2.94%,  5.38%, 11.95%, 50837.43, 12311.55, 0.00, 74469.69 , 0, 255, 112.97, 18, 178, 117.17, 89, 232, 136.16, 0.00%, 75.92%,0.00%, 14.66%, 9.42%, 0.00%, 0.00%, 0.00%, 0.00%, 0.80%, 36.92%,0.00%, 29.70%, 32.58%, 0.00%, 0.00%, 0.00%, 0.00%, 2.05%, 34.29%,0.00%, 31.08%, 32.58%, 0.00%, 0.00%, 0.00%, 0.00%, 4.59%, 24.59%,0.00%, 35.65%, 35.17%, 0.00%, 0.00%, 0.00%, 0.00%,0.00%, 84.2, 0.3, 11641.8, 10617.9, 0.0, 0.0, 240078.1, 1.000, 0
7, P-SLICE,    7, 27.00,     174592, 0,0.00,37.201, 39.113, 42.026, 38.043,23, 6 5 4 , -, 0.00%,  0.00%,  0.00%, 0.05%,  0.00%,  0.08%, 0.16%,  0.03%,  0.24%, 0.88%,  0.39%,  2.20%, 0.00%,  0.85%,  5.54%, 13.84%, 44.67%,  0.00%,  0.50%,  1.55%,  4.15%,  2.56%,  3.62%,  6.30%, 12.39%, 50917.86, 12347.00, 0.00, 70705.82 , 0, 255, 112.90, 19, 178, 117.22, 89, 232, 136.19, 0.00%, 75.12%,0.00%, 16.75%, 8.13%, 0.00%, 0.00%, 0.00%, 0.00%, 1.33%, 42.10%,0.00%, 30.62%, 25.96%, 0.00%, 0.00%, 0.00%, 0.00%, 1.99%, 35.47%,0.00%, 29.80%, 32.74%, 0.00%, 0.00%, 0.00%, 0.00%, 5.06%, 24.12%,0.00%, 36.66%, 34.16%, 0.00%, 0.00%, 0.00%, 0.00%,0.00%, 84.4, 0.3, 12898.4, 12047.3, 0.0, 0.0, 252731.3, 1.000, 0
8, P-SLICE,    8, 27.00,     180232, 0,0.00,37.249, 39.167, 42.088, 38.094,23, 7 6 5 , -, 0.00%,  0.00%,  0.00%, 0.02%,  0.02%,  0.03%, 0.06%,  0.02%,  0.26%, 0.50%,  0.26%,  2.33%, 0.00%,  0.84%,  6.33%, 14.42%, 43.75%,  0.00%,  0.47%,  1.96%,  5.46%,  2.44%,  2.91%,  5.82%, 12.12%, 50420.96, 12177.67, 0.00, 72125.12 , 0, 255, 112.87, 20, 180, 117.22, 90, 232, 136.17, 0.00%, 74.51%,0.00%, 17.16%, 8.33%, 0.00%, 0.00%, 0.00%, 0.00%, 0.66%, 34.54%,0.00%, 34.70%, 30.10%, 0.00%, 0.00%, 0.00%, 0.00%, 1.50%, 34.52%,0.00%, 33.24%, 30.74%, 0.00%, 0.00%, 0.00%, 0.00%, 4.52%, 25.75%,0.00%, 38.84%, 30.89%, 0.00%, 0.00%, 0.00%, 0.00%,0.00%, 127.8, 0.3, 15055.9, 14193.4, 0.0, 0.0, 267586.8, 1.000, 0
9, P-SLICE,    9, 27.00,     200592, 0,0.00,37.261, 39.160, 42.091, 38.102,23, 8 7 6 , -, 0.00%,  0.00%,  0.00%, 0.05%,  0.03%,  0.05%, 0.06%,  0.03%,  0.44%, 0.61%,  0.29%,  3.43%, 0.00%,  0.78%,  5.42%, 14.49%, 45.24%,  0.00%,  0.41%,  1.68%,  5.02%,  2.42%,  2.68%,  4.91%, 11.95%, 50299.86, 12184.14, 0.00, 78698.41 , 0, 255, 112.74, 18, 178, 117.20, 91, 232, 136.16, 0.00%, 75.60%,0.00%, 13.40%, 11.00%, 0.00%, 0.00%, 0.00%, 0.00%, 1.42%, 35.82%,0.00%, 32.45%, 30.32%, 0.00%, 0.00%, 0.00%, 0.00%, 2.48%, 30.50%,0.00%, 34.82%, 32.20%, 0.00%, 0.00%, 0.00%, 0.00%, 6.17%, 24.17%,0.00%, 36.66%, 33.00%, 0.00%, 0.00%, 0.00%, 0.00%,0.00%, 164.1, 0.3, 15061.3, 13962.8, 0.0, 0.0, 282485.2, 1.000, 0
10, P-SLICE,   10, 27.00,     216472, 0,0.00,37.261, 39.185, 42.067, 38.103,23, 9 8 7 , -, 0.00%,  0.00%,  0.00%, 0.01%,  0.03%,  0.03%, 0.09%,  0.04%,  0.43%, 1.21%,  0.32%,  4.11%, 0.00%,  0.71%,  5.27%, 14.87%, 45.20%,  0.00%,  0.38%,  1.59%,  4.83%,  2.25%,  2.56%,  5.06%, 11.00%, 50294.33, 12200.96, 0.00, 80224.42 , 0, 255, 112.63, 18, 179, 117.18, 91, 233, 136.18, 0.00%, 76.12%,0.00%, 15.42%, 8.46%, 0.00%, 0.00%, 0.00%, 0.00%, 0.89%, 35.52%,0.00%, 28.95%, 34.64%, 0.00%, 0.00%, 0.00%, 0.00%, 2.53%, 30.13%,0.00%, 32.73%, 34.60%, 0.00%, 0.00%, 0.00%, 0.00%, 8.03%, 22.55%,0.00%, 35.57%, 33.85%, 0.00%, 0.00%, 0.00%, 0.00%,0.00%, 123.1, 0.3, 17146.1, 15870.5, 0.0, 0.0, 299429.1, 1.000, 0
11, P-SLICE,   11, 27.00,     218256, 0,0.00,37.260, 39.178, 42.052, 38.099,23, 10 9 8 , -, 0.00%,  0.00%,  0.00%, 0.02%,  0.00%,  0.03%, 0.03%,  0.03%,  0.45%, 0.72%,  0.38%,  4.38%, 0.00%,  0.68%,  6.20%, 13.71%, 45.77%,  0.00%,  0.50%,  1.52%,  5.00%,  2.40%,  2.04%,  4.53%, 11.62%, 50313.17, 12255.01, 0.00, 81431.31 , 0, 255, 112.53, 20, 179, 117.18, 91, 232, 136.13, 0.00%, 78.05%,0.00%, 10.24%, 11.71%, 0.00%, 0.00%, 0.00%, 0.00%, 0.51%, 28.89%,0.00%, 36.07%, 34.53%, 0.00%, 0.00%, 0.00%, 0.00%, 2.52%, 29.85%,0.00%, 31.85%, 35.78%, 0.00%, 0.00%, 0.00%, 0.00%, 7.67%, 23.26%,0.00%, 34.77%, 34.31%, 0.00%, 0.00%, 0.00%, 0.00%,0.00%, 151.7, 0.3, 14965.7, 13809.7, 0.0, 0.0, 314219.5, 1.000, 0
12, P-SLICE,   12, 27.00,     225160, 0,0.00,37.256, 39.165, 42.042, 38.093,23, 11 10 9 , -, 0.00%,  0.00%,  0.00%, 0.03%,  0.01%,  0.06%, 0.07%,  0.04%,  0.69%, 1.16%,  0.46%,  3.96%, 0.00%,  0.46%,  5.48%, 14.45%, 45.91%,  0.00%,  0.56%,  1.72%,  4.62%,  2.32%,  2.16%,  4.62%, 11.23%, 50379.68, 12289.34, 0.00, 85502.69 , 0, 255, 112.43, 20, 179, 117.10, 90, 231, 136.17, 0.00%, 83.51%,0.00%, 9.28%, 7.22%, 0.00%, 0.00%, 0.00%, 0.00%, 1.21%, 32.82%,0.00%, 31.09%, 34.89%, 0.00%, 0.00%, 0.00%, 0.00%, 3.72%, 29.35%,0.00%, 33.07%, 33.86%, 0.00%, 0.00%, 0.00%, 0.00%, 7.88%, 22.39%,0.00%, 35.09%, 34.64%, 0.00%, 0.00%, 0.00%, 0.00%,0.00%, 127.9, 0.3, 17747.9, 16351.9, 0.0, 0.0, 331769.2, 1.000, 0
13, P-SLICE,   13, 27.00,     226472, 0,0.00,37.250, 39.156, 42.007, 38.083,23, 12 11 10 , -, 0.00%,  0.00%,  0.00%, 0.06%,  0.00%,  0.07%, 0.29%,  0.16%,  0.50%, 1.43%,  0.50%,  5.42%, 0.00%,  0.85%,  5.14%, 13.96%, 45.89%,  0.00%,  0.56%,  1.88%,  5.67%,  2.07%,  2.02%,  4.43%,  9.10%, 50442.48, 12333.33, 0.00, 86167.02 , 0, 255, 112.36, 20, 181, 117.14, 91, 231, 136.16, 0.00%, 70.94%,0.00%, 19.21%, 9.85%, 0.00%, 0.00%, 0.00%, 0.00%, 1.65%, 32.91%,0.00%, 33.46%, 31.99%, 0.00%, 0.00%, 0.00%, 0.00%, 4.46%, 29.75%,0.00%, 32.25%, 33.54%, 0.00%, 0.00%, 0.00%, 0.00%, 10.30%, 20.66%,0.00%, 35.96%, 33.07%, 0.00%, 0.00%, 0.00%, 0.00%,0.00%, 85.2, 0.9, 17684.0, 16316.5, 0.0, 0.0, 349212.8, 1.000, 0
14, P-SLICE,   14, 27.00,     231296, 0,0.00,37.238, 39.135, 41.973, 38.067,23, 13 12 11 , -, 0.00%,  0.00%,  0.00%, 0.04%,  0.01%,  0.03%, 0.25%,  0.09%,  0.75%, 1.24%,  0.72%,  5.22%, 0.00%,  0.85%,  5.40%, 14.37%, 46.18%,  0.00%,  0.34%,  2.06%,  6.18%,  2.32%,  1.71%,  3.62%,  8.63%, 50550.68, 12420.98, 0.00, 86066.52 , 0, 255, 112.23, 20, 179, 117.13, 91, 231, 136.19, 0.00%, 73.15%,0.00%, 14.35%, 12.50%, 0.00%, 0.00%, 0.00%, 0.00%, 1.17%, 27.15%,0.00%, 37.11%, 34.57%, 0.00%, 0.00%, 0.00%, 0.00%, 5.15%, 26.86%,0.00%, 34.24%, 33.75%, 0.00%, 0.00%, 0.00%, 0.00%, 10.01%, 20.65%,0.00%, 33.82%, 35.52%, 0.00%, 0.00%, 0.00%, 0.00%,0.00%, 152.4, 0.3, 17950.5, 16545.2, 0.0, 0.0, 366990.2, 1.000, 0
15, P-SLICE,   15, 27.00,     229776, 0,0.00,37.217, 39.142, 41.949, 38.049,23, 14 13 12 , -, 0.00%,  0.00%,  0.00%, 0.04%,  0.00%,  0.07%, 0.20%,  0.10%,  0.67%, 1.15%,  0.85%,  4.99%, 0.00%,  0.73%,  5.78%, 14.03%, 44.76%,  0.00%,  0.46%,  1.75%,  4.35%,  1.99%,  2.17%,  5.01%, 10.89%, 50843.07, 12440.39, 0.00, 88298.70 , 0, 255, 112.10, 20, 178, 117.13, 90, 233, 136.16, 0.00%, 73.16%,0.00%, 15.79%, 11.05%, 0.00%, 0.00%, 0.00%, 0.00%, 1.35%, 30.81%,0.00%, 31.48%, 36.36%, 0.00%, 0.00%, 0.00%, 0.00%, 4.48%, 31.05%,0.00%, 28.54%, 35.93%, 0.00%, 0.00%, 0.00%, 0.00%, 9.92%, 21.64%,0.00%, 34.35%, 34.09%, 0.00%, 0.00%, 0.00%, 0.00%,0.00%, 120.2, 0.3, 17102.9, 15908.0, 0.0, 0.0, 383887.5, 1.000, 0
16, P-SLICE,   16, 27.00,     236016, 0,0.00,37.206, 39.158, 41.957, 38.044,23, 15 14 13 , -, 0.00%,  0.00%,  0.00%, 0.01%,  0.00%,  0.07%, 0.30%,  0.13%,  0.87%, 1.39%,  0.54%,  4.94%, 0.00%,  0.83%,  5.77%, 13.96%, 44.53%,  0.00%,  0.59%,  1.97%,  4.24%,  1.97%,  2.03%,  4.80%, 11.05%, 51029.76, 12387.89, 0.00, 92267.99 , 0, 255, 112.01, 18, 175, 117.17, 91, 231, 136.13, 0.00%, 70.47%,0.00%, 17.62%, 11.92%, 0.00%, 0.00%, 0.00%, 0.00%, 1.03%, 30.94%,0.00%, 34.87%, 33.16%, 0.00%, 0.00%, 0.00%, 0.00%, 5.92%, 30.70%,0.00%, 29.65%, 33.73%, 0.00%, 0.00%, 0.00%, 0.00%, 9.79%, 21.80%,0.00%, 35.36%, 33.05%, 0.00%, 0.00%, 0.00%, 0.00%,0.00%, 84.1, 0.3, 16074.9, 15284.5, 0.0, 0.0, 399728.2, 1.000, 0
17, P-SLICE,   17, 27.00,     235912, 0,0.00,37.209, 39.164, 41.964, 38.048,23, 16 15 14 , -, 0.00%,  0.00%,  0.00%, 0.03%,  0.00%,  0.15%, 0.35%,  0.10%,  0.68%, 1.71%,  0.68%,  5.56%, 0.00%,  0.74%,  5.02%, 14.20%, 43.28%,  0.00%,  0.45%,  1.71%,  5.98%,  1.96%,  2.17%,  4.86%, 10.37%, 50950.51, 12386.01, 0.00, 96986.55 , 0, 255, 111.91, 19, 178, 117.13, 92, 232, 136.12, 0.00%, 72.54%,0.00%, 19.17%, 8.29%, 0.00%, 0.00%, 0.00%, 0.00%, 2.33%, 33.45%,0.00%, 29.52%, 34.70%, 0.00%, 0.00%, 0.00%, 0.00%, 5.17%, 29.99%,0.00%, 32.29%, 32.55%, 0.00%, 0.00%, 0.00%, 0.00%, 11.21%, 23.05%,0.00%, 32.80%, 32.94%, 0.00%, 0.00%, 0.00%, 0.00%,0.00%, 151.3, 0.3, 16586.5, 15949.3, 0.0, 0.0, 416141.2, 1.000, 0
18, P-SLICE,   18, 27.00,     242856, 0,0.00,37.209, 39.155, 41.949, 38.045,23, 17 16 15 , -, 0.00%,  0.00%,  0.00%, 0.09%,  0.01%,  0.20%, 0.26%,  0.06%,  0.96%, 1.31%,  0.62%,  5.64%, 0.00%,  0.73%,  5.81%, 12.62%, 44.77%,  0.00%,  0.55%,  1.32%,  4.89%,  2.06%,  2.04%,  4.69%, 11.37%, 50908.70, 12414.38, 0.00, 106508.39 , 0, 255, 111.84, 19, 178, 117.05, 92, 232, 136.13, 0.00%, 73.71%,0.00%, 17.53%, 8.76%, 0.00%, 0.00%, 0.00%, 0.00%, 3.47%, 29.75%,0.00%, 34.55%, 32.23%, 0.00%, 0.00%, 0.00%, 0.00%, 6.43%, 30.20%,0.00%, 30.92%, 32.44%, 0.00%, 0.00%, 0.00%, 0.00%, 10.50%, 22.56%,0.00%, 34.70%, 32.23%, 0.00%, 0.00%, 0.00%, 0.00%,0.00%, 150.7, 0.2, 17869.2, 16936.5, 0.0, 0.0, 433836.7, 1.000, 0
19, P-SLICE,   19, 27.00,     246096, 0,0.00,37.213, 39.121, 41.912, 38.039,23, 18 17 16 , -, 0.00%,  0.00%,  0.00%, 0.03%,  0.04%,  0.22%, 0.31%,  0.16%,  0.86%, 1.84%,  0.64%,  6.17%, 0.00%,  0.82%,  5.56%, 14.03%, 43.24%,  0.00%,  0.42%,  1.43%,  5.15%,  2.16%,  1.89%,  4.37%, 10.65%, 50866.48, 12501.41, 0.00, 109390.85 , 0, 255, 111.83, 20, 177, 117.09, 92, 233, 136.08, 0.00%, 72.55%,0.00%, 17.16%, 10.29%, 0.00%, 0.00%, 0.00%, 0.00%, 3.58%, 28.32%,0.00%, 33.69%, 34.41%, 0.00%, 0.00%, 0.00%, 0.00%, 6.29%, 27.44%,0.00%, 30.55%, 35.73%, 0.00%, 0.00%, 0.00%, 0.00%, 12.16%, 22.19%,0.00%, 33.57%, 32.09%, 0.00%, 0.00%, 0.00%, 0.00%,0.00%, 129.6, 0.3, 16199.3, 15141.6, 0.0, 0.0, 449841.9, 1.000, 0
20, P-SLICE,   20, 27.00,     252952, 0,0.00,37.212, 39.156, 41.909, 38.042,23, 19 18 17 , -, 0.00%,  0.00%,  0.00%, 0.10%,  0.01%,  0.18%, 0.48%,  0.16%,  1.30%, 1.59%,  0.79%,  6.00%, 0.00%,  0.55%,  5.28%, 13.56%, 43.06%,  0.00%,  0.35%,  1.87%,  5.02%,  2.16%,  2.28%,  4.52%, 10.71%, 50905.22, 12438.21, 0.00, 103390.09 , 0, 255, 111.83, 20, 175, 117.03, 91, 233, 136.05, 0.00%, 79.58%,0.00%, 12.57%, 7.85%, 0.00%, 0.00%, 0.00%, 0.00%, 3.63%, 32.12%,0.00%, 29.88%, 34.37%, 0.00%, 0.00%, 0.00%, 0.00%, 8.87%, 29.21%,0.00%, 28.76%, 33.16%, 0.00%, 0.00%, 0.00%, 0.00%, 11.88%, 22.29%,0.00%, 33.28%, 32.56%, 0.00%, 0.00%, 0.00%, 0.00%,0.00%, 163.2, 0.3, 18477.7, 17382.4, 0.0, 0.0, 468159.5, 1.000, 0
21, P-SLICE,   21, 27.00,     256192, 0,0.00,37.228, 39.145, 41.891, 38.050,23, 20 19 18 , -, 0.00%,  0.00%,  0.00%, 0.05%,  0.05%,  0.18%, 0.39%,  0.16%,  1.43%, 1.77%,  0.73%,  6.14%, 0.00%,  0.52%,  5.02%, 14.11%, 43.54%,  0.00%,  0.57%,  1.58%,  4.74%,  1.96%,  1.95%,  4.83%, 10.26%, 50733.07, 12490.97, 0.00, 108936.69 , 0, 255, 111.90, 20, 175, 117.15, 90, 231, 136.00, 0.00%, 79.12%,0.00%, 13.74%, 7.14%, 0.00%, 0.00%, 0.00%, 0.00%, 3.65%, 32.17%,0.00%, 30.43%, 33.74%, 0.00%, 0.00%, 0.00%, 0.00%, 8.83%, 28.48%,0.00%, 28.30%, 34.40%, 0.00%, 0.00%, 0.00%, 0.00%, 12.27%, 21.29%,0.00%, 32.44%, 34.00%, 0.00%, 0.00%, 0.00%, 0.00%,0.00%, 84.6, 0.3, 19183.0, 18033.0, 0.0, 0.0, 487102.5, 1.000, 0
22, P-SLICE,   22, 27.00,     254424, 0,0.00,37.218, 39.156, 41.899, 38.045,23, 21 20 19 , -, 0.00%,  0.00%,  0.00%, 0.11%,  0.04%,  0.20%, 0.59%,  0.22%,  1.28%, 1.99%,  0.88%,  5.94%, 0.00%,  0.48%,  5.28%, 13.58%, 43.72%,  0.00%,  0.35%,  1.64%,  5.18%,  2.19%,  2.11%,  4.54%,  9.67%, 50849.52, 12467.45, 0.00, 115471.30 , 0, 255, 112.00, 18, 177, 117.07, 91, 232, 135.99, 0.00%, 82.11%,0.00%, 11.05%, 6.84%, 0.00%, 0.00%, 0.00%, 0.00%, 4.34%, 30.38%,0.00%, 28.99%, 36.28%, 0.00%, 0.00%, 0.00%, 0.00%, 9.58%, 28.28%,0.00%, 27.31%, 34.83%, 0.00%, 0.00%, 0.00%, 0.00%, 12.46%, 20.99%,0.00%, 32.34%, 34.21%, 0.00%, 0.00%, 0.00%, 0.00%,0.00%, 152.3, 0.2, 16934.8, 16169.5, 0.0, 0.0, 503865.0, 1.000, 0
23, P-SLICE,   23, 27.00,     247424, 0,0.00,37.216, 39.179, 41.897, 38.047,23, 22 21 20 , -, 0.00%,  0.00%,  0.00%, 0.10%,  0.01%,  0.28%, 0.63%,  0.17%,  1.59%, 1.86%,  0.71%,  6.77%, 0.00%,  0.48%,  5.16%, 13.42%, 42.52%,  0.00%,  0.41%,  1.50%,  5.12%,  2.17%,  2.43%,  4.05%, 10.62%, 50845.93, 12426.48, 0.00, 110729.10 , 0, 255, 112.21, 18, 177, 117.07, 91, 232, 135.97, 0.00%, 81.91%,0.00%, 12.23%, 5.85%, 0.00%, 0.00%, 0.00%, 0.00%, 4.71%, 33.78%,0.00%, 29.41%, 32.10%, 0.00%, 0.00%, 0.00%, 0.00%, 11.23%, 25.96%,0.00%, 28.20%, 34.61%, 0.00%, 0.00%, 0.00%, 0.00%, 13.16%, 22.18%,0.00%, 32.31%, 32.35%, 0.00%, 0.00%, 0.00%, 0.00%,0.00%, 136.0, 0.2, 17437.9, 16183.4, 0.0, 0.0, 517712.1, 1.000, 0
24, P-SLICE,   24, 27.00,     246936, 0,0.00,37.220, 39.191, 41.918, 38.054,23, 23 22 21 , -, 0.00%,  0.00%,  0.00%, 0.13%,  0.01%,  0.33%, 0.59%,  0.16%,  1.65%, 1.54%,  0.68%,  6.14%, 0.00%,  0.81%,  4.82%, 14.20%, 44.11%,  0.00%,  0.46%,  1.35%,  3.96%,  2.13%,  2.02%,  4.66%, 10.24%, 50833.56, 12368.59, 0.00, 115193.20 , 0, 255, 112.60, 19, 177, 117.18, 91, 231, 135.92, 0.00%, 72.41%,0.00%, 17.73%, 9.85%, 0.00%, 0.00%, 0.00%, 0.00%, 6.16%, 31.90%,0.00%, 30.41%, 31.53%, 0.00%, 0.00%, 0.00%, 0.00%, 10.65%, 26.56%,0.00%, 29.19%, 33.61%, 0.00%, 0.00%, 0.00%, 0.00%, 11.91%, 20.24%,0.00%, 34.51%, 33.33%, 0.00%, 0.00%, 0.00%, 0.00%,0.00%, 174.2, 0.2, 15242.9, 14061.9, 0.0, 0.0, 393875.3, 1.000, 0
25, P-SLICE,   25, 27.00,     246952, 0,0.00,37.215, 39.171, 41.933, 38.049,23, 24 23 22 , -, 0.00%,  0.00%,  0.00%, 0.14%,  0.01%,  0.32%, 0.47%,  0.22%,  1.63%, 1.63%,  0.61%,  6.54%, 0.00%,  0.58%,  4.72%, 15.02%, 43.80%,  0.00%,  0.42%,  1.50%,  4.34%,  2.07%,  1.98%,  4.40%,  9.57%, 50883.15, 12400.65, 0.00, 109173.07 , 0, 255, 112.73, 19, 174, 117.15, 92, 232, 135.92, 0.00%, 78.01%,0.00%, 14.66%, 7.33%, 0.00%, 0.00%, 0.00%, 0.00%, 6.24%, 31.56%,0.00%, 32.48%, 29.72%, 0.00%, 0.00%, 0.00%, 0.00%, 10.00%, 25.39%,0.00%, 31.02%, 33.59%, 0.00%, 0.00%, 0.00%, 0.00%, 12.58%, 19.92%,0.00%, 34.57%, 32.93%, 0.00%, 0.00%, 0.00%, 0.00%,0.00%, 152.1, 0.3, 17530.5, 16349.7, 0.0, 0.0, 394618.0, 1.000, 0
26, P-SLICE,   26, 27.00,     239824, 0,0.00,37.173, 39.200, 41.941, 38.023,23, 25 24 23 , -, 0.00%,  0.00%,  0.00%, 0.12%,  0.04%,  0.34%, 0.31%,  0.15%,  1.45%, 1.70%,  0.73%,  5.49%, 0.00%,  0.68%,  4.74%, 14.90%, 43.74%,  0.00%,  0.47%,  1.33%,  3.96%,  1.71%,  2.52%,  4.94%, 10.67%, 51364.46, 12327.34, 0.00, 108873.71 , 0, 255, 112.74, 20, 175, 117.02, 92, 231, 135.93, 0.00%, 71.43%,0.00%, 22.29%, 6.29%, 0.00%, 0.00%, 0.00%, 0.00%, 6.16%, 36.27%,0.00%, 27.45%, 30.12%, 0.00%, 0.00%, 0.00%, 0.00%, 8.30%, 27.16%,0.00%, 30.07%, 34.46%, 0.00%, 0.00%, 0.00%, 0.00%, 11.38%, 21.02%,0.00%, 33.48%, 34.11%, 0.00%, 0.00%, 0.00%, 0.00%,0.00%, 152.6, 0.3, 18565.4, 17392.8, 0.0, 0.0, 396965.7, 1.000, 0
27, P-SLICE,   27, 27.00,     241848, 0,0.00,37.173, 39.188, 41.938, 38.021,23, 26 25 24 , -, 0.00%,  0.00%,  0.00%, 0.22%,  0.00%,  0.23%, 0.58%,  0.14%,  1.41%, 1.56%,  0.59%,  5.53%, 0.00%,  0.54%,  4.93%, 13.08%, 44.07%,  0.00%,  0.57%,  1.74%,  5.89%,  2.00%,  2.21%,  4.65%, 10.07%, 51331.66, 12363.68, 0.00, 106400.86 , 0, 255, 112.66, 19, 179, 117.07, 90, 233, 135.85, 0.00%, 78.80%,0.00%, 12.50%, 8.70%, 0.00%, 0.00%, 0.00%, 0.00%, 5.58%, 34.01%,0.00%, 32.83%, 27.58%, 0.00%, 0.00%, 0.00%, 0.00%, 9.84%, 29.58%,0.00%, 28.43%, 32.14%, 0.00%, 0.00%, 0.00%, 0.00%, 10.82%, 22.47%,0.00%, 34.50%, 32.21%, 0.00%, 0.00%, 0.00%, 0.00%,0.00%, 151.4, 0.3, 17988.8, 17101.8, 0.0, 0.0, 399693.3, 1.000, 0
28, P-SLICE,   28, 27.00,     242640, 0,0.00,37.187, 39.193, 41.932, 38.031,23, 27 26 25 , -, 0.00%,  0.00%,  0.00%, 0.17%,  0.01%,  0.45%, 0.50%,  0.13%,  1.45%, 1.23%,  0.59%,  5.44%, 0.00%,  0.66%,  4.60%, 13.72%, 44.20%,  0.00%,  0.73%,  2.22%,  6.92%,  1.91%,  2.30%,  4.10%,  8.69%, 51180.91, 12348.34, 0.00, 116210.61 , 0, 255, 112.67, 18, 180, 117.10, 91, 232, 135.81, 0.00%, 74.46%,0.00%, 16.85%, 8.70%, 0.00%, 0.00%, 0.00%, 0.00%, 7.60%, 36.66%,0.00%, 29.56%, 26.18%, 0.00%, 0.00%, 0.00%, 0.00%, 9.39%, 28.56%,0.00%, 28.94%, 33.10%, 0.00%, 0.00%, 0.00%, 0.00%, 10.30%, 22.17%,0.00%, 34.41%, 33.12%, 0.00%, 0.00%, 0.00%, 0.00%,0.00%, 150.0, 0.3, 16840.6, 16276.9, 0.0, 0.0, 399453.4, 1.000, 0
29, P-SLICE,   29, 27.00,     251368, 0,0.00,37.184, 39.190, 41.913, 38.026,23, 28 27 26 , -, 0.00%,  0.00%,  0.00%, 0.17%,  0.06%,  0.45%, 0.41%,  0.13%,  1.89%, 1.76%,  0.64%,  5.43%, 0.00%,  0.39%,  5.50%, 13.28%, 42.92%,  0.00%,  0.61%,  1.75%,  5.18%,  2.31%,  2.23%,  4.41%, 10.48%, 51225.76, 12370.11, 0.00, 129760.32 , 0, 255, 112.82, 18, 180, 117.16, 91, 233, 135.78, 0.00%, 85.48%,0.00%, 11.29%, 3.23%, 0.00%, 0.00%, 0.00%, 0.00%, 7.58%, 31.45%,0.00%, 32.10%, 28.87%, 0.00%, 0.00%, 0.00%, 0.00%, 11.11%, 28.14%,0.00%, 25.82%, 34.93%, 0.00%, 0.00%, 0.00%, 0.00%, 11.20%, 22.40%,0.00%, 33.31%, 33.10%, 0.00%, 0.00%, 0.00%, 0.00%,0.00%, 124.9, 0.2, 18720.0, 17762.2, 0.0, 0.0, 404014.0, 1.000, 0
30, P-SLICE,   30, 27.00,     250000, 0,0.00,37.205, 39.198, 41.895, 38.040,23, 29 28 27 , -, 0.00%,  0.00%,  0.00%, 0.14%,  0.00%,  0.46%, 0.48%,  0.06%,  1.95%, 1.39%,  0.68%,  4.95%, 0.00%,  0.65%,  5.16%, 14.80%, 43.43%,  0.00%,  0.39%,  1.76%,  5.63%,  2.09%,  2.18%,  4.30%,  9.49%, 50988.07, 12400.30, 0.00, 131765.63 , 0, 255, 112.82, 19, 181, 117.18, 91, 232, 135.81, 0.00%, 76.32%,0.00%, 17.89%, 5.79%, 0.00%, 0.00%, 0.00%, 0.00%, 7.28%, 30.85%,0.00%, 31.89%, 29.98%, 0.00%, 0.00%, 0.00%, 0.00%, 10.64%, 25.97%,0.00%, 29.56%, 33.83%, 0.00%, 0.00%, 0.00%, 0.00%, 10.17%, 21.90%,0.00%, 34.39%, 33.54%, 0.00%, 0.00%, 0.00%, 0.00%,0.00%, 151.7, 0.3, 19255.9, 17957.5, 0.0, 0.0, 411697.0, 1.000, 0
31, P-SLICE,   31, 27.00,     251816, 0,0.00,37.213, 39.206, 41.880, 38.045,23, 30 29 28 , -, 0.00%,  0.00%,  0.00%, 0.07%,  0.03%,  0.42%, 0.54%,  0.24%,  2.02%, 1.33%,  0.79%,  5.59%, 0.00%,  0.63%,  4.73%, 14.85%, 44.14%,  0.00%,  0.55%,  1.74%,  5.35%,  2.09%,  1.83%,  4.30%,  8.77%, 50887.53, 12384.90, 0.00, 114153.39 , 0, 255, 112.96, 19, 179, 117.18, 90, 233, 135.80, 0.00%, 76.68%,0.00%, 10.36%, 12.95%, 0.00%, 0.00%, 0.00%, 0.00%, 6.84%, 31.24%,0.00%, 33.83%, 28.10%, 0.00%, 0.00%, 0.00%, 0.00%, 11.79%, 25.49%,0.00%, 28.71%, 34.01%, 0.00%, 0.00%, 0.00%, 0.00%, 11.11%, 20.36%,0.00%, 33.03%, 35.50%, 0.00%, 0.00%, 0.00%, 0.00%,0.00%, 151.0, 0.3, 20304.2, 18816.8, 0.0, 0.0, 419126.0, 1.000, 0
32, P-SLICE,   32, 27.00,     248640, 0,0.00,37.200, 39.178, 41.870, 38.031,23, 31 30 29 , -, 0.00%,  0.00%,  0.00%, 0.10%,  0.03%,  0.50%, 0.50%,  0.22%,  2.22%, 1.28%,  0.56%,  5.10%, 0.00%,  0.53%,  4.48%, 15.55%, 44.85%,  0.00%,  0.45%,  1.18%,  4.36%,  2.25%,  2.43%,  4.19%,  9.22%, 50991.93, 12446.08, 0.00, 107029.76 , 0, 255, 113.22, 19, 182, 117.18, 90, 232, 135.78, 0.00%, 80.83%,0.00%, 12.95%, 6.22%, 0.00%, 0.00%, 0.00%, 0.00%, 7.93%, 36.04%,0.00%, 24.50%, 31.53%, 0.00%, 0.00%, 0.00%, 0.00%, 12.31%, 22.51%,0.00%, 29.87%, 35.30%, 0.00%, 0.00%, 0.00%, 0.00%, 10.08%, 19.73%,0.00%, 33.51%, 36.67%, 0.00%, 0.00%, 0.00%, 0.00%,0.00%, 151.7, 0.3, 18067.8, 16566.9, 0.0, 0.0, 422124.1, 1.000, 0
33, P-SLICE,   33, 27.00,     242648, 0,0.00,37.200, 39.172, 41.849, 38.028,23, 32 31 30 , -, 0.00%,  0.00%,  0.00%, 0.17%,  0.04%,  0.39%, 0.48%,  0.19%,  1.76%, 1.10%,  0.55%,  5.03%, 0.00%,  0.42%,  4.83%, 14.54%, 45.56%,  0.00%,  0.38%,  1.10%,  4.28%,  2.47%,  2.10%,  4.47%, 10.15%, 50978.04, 12471.57, 0.00, 99537.30 , 0, 255, 113.26, 18, 178, 117.19, 89, 232, 135.78, 0.00%, 85.50%,0.00%, 9.00%, 5.50%, 0.00%, 0.00%, 0.00%, 0.00%, 7.68%, 31.26%,0.00%, 30.16%, 30.90%, 0.00%, 0.00%, 0.00%, 0.00%, 10.78%, 24.70%,0.00%, 28.03%, 36.50%, 0.00%, 0.00%, 0.00%, 0.00%, 9.52%, 20.57%,0.00%, 33.74%, 36.17%, 0.00%, 0.00%, 0.00%, 0.00%,0.00%, 151.2, 0.3, 17699.0, 16266.3, 0.0, 0.0, 424787.4, 1.000, 0
34, P-SLICE,   34, 27.00,     246328, 0,0.00,37.186, 39.166, 41.848, 38.016,23, 33 32 31 , -, 0.00%,  0.00%,  0.00%, 0.14%,  0.04%,  0.45%, 0.59%,  0.16%,  2.05%, 1.27%,  0.81%,  5.82%, 0.00%,  0.58%,  4.35%, 15.10%, 43.43%,  0.00%,  0.39%,  1.49%,  5.09%,  2.43%,  1.84%,  4.22%,  9.72%, 51173.18, 12477.97, 0.00, 119492.78 , 0, 255, 113.11, 19, 180, 117.15, 89, 232, 135.78, 0.00%, 80.77%,0.00%, 11.54%, 7.69%, 0.00%, 0.00%, 0.00%, 0.00%, 8.82%, 30.86%,0.00%, 28.86%, 31.46%, 0.00%, 0.00%, 0.00%, 0.00%, 11.88%, 24.19%,0.00%, 28.29%, 35.64%, 0.00%, 0.00%, 0.00%, 0.00%, 11.35%, 21.28%,0.00%, 33.25%, 34.12%, 0.00%, 0.00%, 0.00%, 0.00%,0.00%, 151.8, 0.3, 19105.2, 17740.0, 0.0, 0.0, 426749.9, 1.000, 0
35, P-SLICE,   35, 27.00,     248136, 0,0.00,37.174, 39.187, 41.846, 38.009,23, 34 33 32 , -, 0.00%,  0.00%,  0.00%, 0.18%,  0.10%,  0.43%, 0.68%,  0.18%,  2.33%, 1.78%,  0.71%,  5.17%, 0.00%,  0.40%,  5.35%, 13.63%, 43.59%,  0.00%,  0.42%,  1.43%,  4.16%,  2.51%,  2.14%,  4.65%, 10.15%, 51378.23, 12459.47, 0.00, 120762.77 , 0, 255, 112.91, 20, 180, 117.06, 90, 232, 135.81, 0.00%, 86.22%,0.00%, 8.67%, 5.10%, 0.00%, 0.00%, 0.00%, 0.00%, 8.28%, 29.66%,0.00%, 30.52%, 31.55%, 0.00%, 0.00%, 0.00%, 0.00%, 13.95%, 26.54%,0.00%, 26.41%, 33.10%, 0.00%, 0.00%, 0.00%, 0.00%, 11.09%, 20.70%,0.00%, 33.06%, 35.15%, 0.00%, 0.00%, 0.00%, 0.00%,0.00%, 151.9, 0.3, 15073.4, 14236.9, 0.0, 0.0, 426882.0, 1.000, 0
36, P-SLICE,   36, 27.00,     245760, 0,0.00,37.196, 39.163, 41.869, 38.026,23, 35 34 33 , -, 0.00%,  0.00%,  0.00%, 0.26%,  0.07%,  0.44%, 0.59%,  0.29%,  2.23%, 1.33%,  0.70%,  5.10%, 0.00%,  0.49%,  4.21%, 14.28%, 42.96%,  0.00%,  0.27%,  1.49%,  5.64%,  2.37%,  2.19%,  4.86%, 10.25%, 51170.74, 12462.61, 0.00, 123474.15 , 0, 255, 112.62, 18, 178, 117.12, 91, 233, 135.86, 0.00%, 83.00%,0.00%, 9.00%, 8.00%, 0.00%, 0.00%, 0.00%, 0.00%, 10.36%, 33.01%,0.00%, 28.79%, 27.83%, 0.00%, 0.00%, 0.00%, 0.00%, 13.06%, 26.73%,0.00%, 25.95%, 34.26%, 0.00%, 0.00%, 0.00%, 0.00%, 10.27%, 22.90%,0.00%, 34.98%, 31.85%, 0.00%, 0.00%, 0.00%, 0.00%,0.00%, 120.8, 0.2, 18889.5, 17237.8, 0.0, 0.0, 428059.2, 1.000, 0
37, P-SLICE,   37, 27.00,     247120, 0,0.00,37.182, 39.154, 41.878, 38.015,23, 36 35 34 , -, 0.00%,  0.00%,  0.00%, 0.23%,  0.04%,  0.42%, 0.58%,  0.23%,  2.05%, 1.54%,  1.05%,  6.44%, 0.00%,  0.42%,  5.17%, 14.65%, 41.88%,  0.00%,  0.26%,  1.35%,  4.92%,  2.37%,  2.20%,  4.70%,  9.47%, 51277.99, 12468.13, 0.00, 122283.23 , 0, 255, 112.51, 18, 179, 117.04, 90, 233, 135.86, 0.00%, 84.90%,0.00%, 7.29%, 7.81%, 0.00%, 0.00%, 0.00%, 0.00%, 8.39%, 29.55%,0.00%, 25.87%, 36.19%, 0.00%, 0.00%, 0.00%, 0.00%, 12.17%, 25.69%,0.00%, 28.04%, 34.10%, 0.00%, 0.00%, 0.00%, 0.00%, 13.12%, 20.91%,0.00%, 33.91%, 32.05%, 0.00%, 0.00%, 0.00%, 0.00%,0.00%, 152.1, 0.3, 18812.6, 17338.4, 0.0, 0.0, 429185.5, 1.000, 0
38, P-SLICE,   38, 27.00,     240872, 0,0.00,37.182, 39.167, 41.865, 38.015,23, 37 36 35 , -, 0.00%,  0.00%,  0.00%, 0.18%,  0.00%,  0.27%, 0.55%,  0.23%,  1.90%, 2.26%,  0.81%,  6.45%, 0.00%,  0.58%,  4.66%, 14.04%, 43.21%,  0.00%,  0.26%,  1.12%,  4.42%,  2.30%,  2.07%,  4.48%, 10.20%, 51310.61, 12447.57, 0.00, 116246.22 , 0, 255, 112.55, 20, 179, 117.03, 90, 232, 135.85, 0.00%, 79.80%,0.00%, 9.85%, 10.34%, 0.00%, 0.00%, 0.00%, 0.00%, 6.11%, 31.30%,0.00%, 28.24%, 34.35%, 0.00%, 0.00%, 0.00%, 0.00%, 12.03%, 25.08%,0.00%, 28.13%, 34.75%, 0.00%, 0.00%, 0.00%, 0.00%, 13.45%, 20.66%,0.00%, 33.55%, 32.33%, 0.00%, 0.00%, 0.00%, 0.00%,0.00%, 83.6, 0.3, 18433.4, 17017.4, 0.0, 0.0, 429633.4, 1.000, 0
39, P-SLICE,   39, 27.00,     240240, 0,0.00,37.175, 39.173, 41.841, 38.008,23, 38 37 36 , -, 0.00%,  0.00%,  0.00%, 0.13%,  0.04%,  0.41%, 0.42%,  0.22%,  1.76%, 1.69%,  0.64%,  6.08%, 0.00%,  0.38%,  4.80%, 13.68%, 43.65%,  0.00%,  0.36%,  1.18%,  4.63%,  2.56%,  2.34%,  4.38%, 10.65%, 51361.69, 12455.46, 0.00, 109535.99 , 0, 255, 112.45, 18, 179, 117.01, 90, 231, 135.81, 0.00%, 87.13%,0.00%, 3.47%, 9.41%, 0.00%, 0.00%, 0.00%, 0.00%, 7.19%, 33.45%,0.00%, 22.48%, 36.87%, 0.00%, 0.00%, 0.00%, 0.00%, 11.10%, 25.69%,0.00%, 29.19%, 34.03%, 0.00%, 0.00%, 0.00%, 0.00%, 11.87%, 21.57%,0.00%, 33.20%, 33.36%, 0.00%, 0.00%, 0.00%, 0.00%,0.00%, 83.9, 0.3, 15911.4, 14453.9, 0.0, 0.0, 428441.4, 1.000, 0
40, P-SLICE,   40, 27.00,     241432, 0,0.00,37.165, 39.179, 41.854, 38.003,23, 39 38 37 , -, 0.00%,  0.00%,  0.00%, 0.09%,  0.04%,  0.30%, 0.52%,  0.14%,  1.76%, 1.64%,  0.55%,  5.84%, 0.00%,  0.37%,  4.76%, 14.05%, 44.44%,  0.00%,  0.29%,  1.57%,  4.91%,  2.58%,  2.06%,  4.40%,  9.69%, 51451.28, 12443.18, 0.00, 113965.97 , 0, 255, 112.37, 19, 181, 117.03, 90, 232, 135.82, 0.00%, 87.32%,0.00%, 4.39%, 8.29%, 0.00%, 0.00%, 0.00%, 0.00%, 5.73%, 31.11%,0.00%, 30.73%, 32.44%, 0.00%, 0.00%, 0.00%, 0.00%, 10.78%, 26.62%,0.00%, 29.12%, 33.48%, 0.00%, 0.00%, 0.00%, 0.00%, 11.39%, 20.69%,0.00%, 34.51%, 33.41%, 0.00%, 0.00%, 0.00%, 0.00%,0.00%, 150.1, 0.3, 15350.8, 14013.6, 0.0, 0.0, 427714.7, 1.000, 0
41, P-SLICE,   41, 27.00,     237192, 0,0.00,37.180, 39.171, 41.864, 38.014,23, 40 39 38 , -, 0.00%,  0.00%,  0.00%, 0.16%,  0.01%,  0.31%, 0.36%,  0.17%,  1.70%, 1.55%,  0.63%,  5.96%, 0.00%,  0.60%,  4.62%, 13.79%, 44.40%,  0.00%,  0.29%,  1.37%,  4.95%,  2.34%,  2.13%,  4.04%, 10.63%, 51303.97, 12444.31, 0.00, 106704.28 , 0, 255, 112.63, 20, 179, 117.01, 90, 231, 135.78, 0.00%, 79.61%,0.00%, 10.19%, 10.19%, 0.00%, 0.00%, 0.00%, 0.00%, 6.45%, 32.07%,0.00%, 27.13%, 34.35%, 0.00%, 0.00%, 0.00%, 0.00%, 10.39%, 25.23%,0.00%, 29.49%, 34.89%, 0.00%, 0.00%, 0.00%, 0.00%, 11.38%, 21.77%,0.00%, 33.71%, 33.13%, 0.00%, 0.00%, 0.00%, 0.00%,0.00%, 151.5, 0.3, 17544.2, 16405.3, 0.0, 0.0, 428673.3, 1.000, 0
42, P-SLICE,   42, 27.00,     241280, 0,0.00,37.188, 39.191, 41.889, 38.026,23, 41 40 39 , -, 0.00%,  0.00%,  0.00%, 0.07%,  0.01%,  0.24%, 0.49%,  0.18%,  1.47%, 1.68%,  0.76%,  5.85%, 0.00%,  0.49%,  4.44%, 13.71%, 45.41%,  0.00%,  0.35%,  1.36%,  5.01%,  2.30%,  2.20%,  4.15%,  9.84%, 51234.49, 12376.12, 0.00, 111195.20 , 0, 255, 112.86, 20, 178, 116.98, 90, 233, 135.75, 0.00%, 82.59%,0.00%, 7.96%, 9.45%, 0.00%, 0.00%, 0.00%, 0.00%, 4.36%, 34.91%,0.00%, 29.60%, 31.12%, 0.00%, 0.00%, 0.00%, 0.00%, 10.00%, 25.78%,0.00%, 31.88%, 32.34%, 0.00%, 0.00%, 0.00%, 0.00%, 11.54%, 20.66%,0.00%, 34.97%, 32.83%, 0.00%, 0.00%, 0.00%, 0.00%,0.00%, 85.7, 0.2, 17707.3, 16745.6, 0.0, 0.0, 428463.3, 1.000, 0
43, P-SLICE,   43, 27.00,     238944, 0,0.00,37.188, 39.197, 41.869, 38.024,23, 42 41 40 , -, 0.00%,  0.00%,  0.00%, 0.09%,  0.01%,  0.32%, 0.39%,  0.13%,  1.41%, 1.70%,  0.71%,  5.84%, 0.00%,  0.72%,  4.99%, 13.77%, 44.29%,  0.00%,  0.26%,  1.53%,  4.63%,  2.22%,  2.03%,  4.72%, 10.25%, 51193.70, 12390.00, 0.00, 110166.29 , 0, 255, 113.04, 18, 175, 116.97, 89, 232, 135.75, 0.00%, 75.49%,0.00%, 13.24%, 11.27%, 0.00%, 0.00%, 0.00%, 0.00%, 5.42%, 29.72%,0.00%, 30.84%, 34.02%, 0.00%, 0.00%, 0.00%, 0.00%, 8.79%, 28.46%,0.00%, 30.82%, 31.93%, 0.00%, 0.00%, 0.00%, 0.00%, 11.64%, 21.00%,0.00%, 35.13%, 32.23%, 0.00%, 0.00%, 0.00%, 0.00%,0.00%, 167.2, 0.3, 15486.7, 14876.0, 0.0, 0.0, 427758.8, 1.000, 0
44, P-SLICE,   44, 27.00,     243320, 0,0.00,37.195, 39.206, 41.874, 38.031,23, 43 42 41 , -, 0.00%,  0.00%,  0.00%, 0.14%,  0.03%,  0.23%, 0.32%,  0.11%,  1.14%, 1.63%,  0.77%,  5.47%, 0.00%,  0.41%,  5.40%, 13.40%, 44.73%,  0.00%,  0.34%,  1.83%,  5.82%,  2.28%,  2.16%,  4.09%,  9.71%, 51117.52, 12362.91, 0.00, 108949.42 , 0, 255, 113.34, 19, 178, 117.03, 90, 232, 135.66, 0.00%, 84.82%,0.00%, 10.47%, 4.71%, 0.00%, 0.00%, 0.00%, 0.00%, 4.76%, 30.10%,0.00%, 31.97%, 33.16%, 0.00%, 0.00%, 0.00%, 0.00%, 7.55%, 28.32%,0.00%, 28.66%, 35.47%, 0.00%, 0.00%, 0.00%, 0.00%, 11.01%, 21.71%,0.00%, 33.41%, 33.87%, 0.00%, 0.00%, 0.00%, 0.00%,0.00%, 150.2, 0.2, 13695.4, 12996.8, 0.0, 0.0, 423043.2, 1.000, 0
45, P-SLICE,   45, 27.00,     243896, 0,0.00,37.209, 39.226, 41.871, 38.044,23, 44 43 42 , -, 0.00%,  0.00%,  0.00%, 0.06%,  0.01%,  0.34%, 0.42%,  0.21%,  1.42%, 1.56%,  0.72%,  6.14%, 0.00%,  0.46%,  4.65%, 14.18%, 44.45%,  0.00%,  0.32%,  1.26%,  4.63%,  2.34%,  2.02%,  4.84%,  9.96%, 50939.21, 12350.47, 0.00, 109966.06 , 0, 255, 113.56, 19, 178, 117.12, 90, 233, 135.56, 0.00%, 83.50%,0.00%, 9.00%, 7.50%, 0.00%, 0.00%, 0.00%, 0.00%, 5.50%, 31.69%,0.00%, 25.62%, 37.19%, 0.00%, 0.00%, 0.00%, 0.00%, 9.18%, 27.34%,0.00%, 30.23%, 33.25%, 0.00%, 0.00%, 0.00%, 0.00%, 11.88%, 20.60%,0.00%, 34.58%, 32.95%, 0.00%, 0.00%, 0.00%, 0.00%,0.00%, 83.0, 0.3, 17279.9, 16506.4, 0.0, 0.0, 421068.4, 1.000, 0
46, P-SLICE,   46, 27.00,     249232, 0,0.00,37.196, 39.187, 41.853, 38.027,23, 45 44 43 , -, 0.00%,  0.00%,  0.00%, 0.18%,  0.06%,  0.23%, 0.31%,  0.20%,  1.29%, 1.62%,  0.55%,  5.63%, 0.00%,  0.61%,  5.15%, 13.72%, 45.93%,  0.00%,  0.27%,  1.40%,  4.74%,  2.16%,  2.18%,  4.50%,  9.28%, 51094.54, 12433.04, 0.00, 116633.35 , 0, 255, 113.60, 20, 177, 117.11, 89, 233, 135.54, 0.00%, 77.95%,0.00%, 10.77%, 11.28%, 0.00%, 0.00%, 0.00%, 0.00%, 5.80%, 30.40%,0.00%, 29.35%, 34.45%, 0.00%, 0.00%, 0.00%, 0.00%, 8.41%, 27.55%,0.00%, 30.13%, 33.91%, 0.00%, 0.00%, 0.00%, 0.00%, 10.96%, 19.70%,0.00%, 34.61%, 34.73%, 0.00%, 0.00%, 0.00%, 0.00%,0.00%, 83.4, 0.3, 16628.7, 15399.4, 0.0, 0.0, 420710.7, 1.000, 0
47, P-SLICE,   47, 27.00,     246568, 0,0.00,37.210, 39.182, 41.830, 38.034,23, 46 45 44 , -, 0.00%,  0.00%,  0.00%, 0.07%,  0.04%,  0.12%, 0.39%,  0.26%,  1.36%, 1.65%,  0.55%,  5.67%, 0.00%,  0.61%,  4.48%, 14.63%, 45.61%,  0.00%,  0.45%,  1.30%,  5.16%,  2.03%,  1.88%,  4.11%,  9.64%, 50904.12, 12461.63, 0.00, 111469.99 , 0, 255, 113.54, 19, 175, 117.09, 90, 233, 135.52, 0.00%, 76.92%,0.00%, 11.79%, 11.28%, 0.00%, 0.00%, 0.00%, 0.00%, 3.26%, 33.01%,0.00%, 30.13%, 33.59%, 0.00%, 0.00%, 0.00%, 0.00%, 9.13%, 24.51%,0.00%, 30.39%, 35.97%, 0.00%, 0.00%, 0.00%, 0.00%, 11.01%, 20.69%,0.00%, 33.38%, 34.91%, 0.00%, 0.00%, 0.00%, 0.00%,0.00%, 151.2, 0.3, 17647.1, 16423.2, 0.0, 0.0, 420897.1, 1.000, 0
48, P-SLICE,   48, 27.00,     246520, 0,0.00,37.210, 39.187, 41.864, 38.039,23, 47 46 45 , -, 0.00%,  0.00%,  0.00%, 0.11%,  0.04%,  0.23%, 0.51%,  0.25%,  1.23%, 1.65%,  0.41%,  5.43%, 0.00%,  0.44%,  5.64%, 14.05%, 45.10%,  0.00%,  0.38%,  1.49%,  5.00%,  2.18%,  1.99%,  4.37%,  9.50%, 50986.35, 12401.36, 0.00, 112845.64 , 0, 255, 113.54, 18, 175, 117.11, 89, 231, 135.50, 0.00%, 83.33%,0.00%, 8.60%, 8.06%, 0.00%, 0.00%, 0.00%, 0.00%, 4.54%, 28.24%,0.00%, 34.62%, 32.61%, 0.00%, 0.00%, 0.00%, 0.00%, 9.07%, 26.77%,0.00%, 31.85%, 32.30%, 0.00%, 0.00%, 0.00%, 0.00%, 10.62%, 20.58%,0.00%, 34.80%, 34.00%, 0.00%, 0.00%, 0.00%, 0.00%,0.00%, 110.2, 0.3, 15309.7, 14601.7, 0.0, 0.0, 420922.3, 1.000, 0
49, P-SLICE,   49, 27.00,     247792, 0,0.00,37.210, 39.200, 41.852, 38.039,23, 48 47 46 , -, 0.00%,  0.00%,  0.00%, 0.12%,  0.03%,  0.10%, 0.29%,  0.16%,  1.01%, 1.79%,  0.59%,  5.30%, 0.00%,  0.56%,  4.97%, 13.36%, 44.80%,  0.00%,  0.34%,  1.85%,  6.19%,  2.13%,  1.81%,  4.37%, 10.25%, 50973.60, 12418.61, 0.00, 121638.48 , 0, 255, 113.58, 18, 177, 117.11, 91, 232, 135.46, 0.00%, 79.19%,0.00%, 9.14%, 11.68%, 0.00%, 0.00%, 0.00%, 0.00%, 3.35%, 29.18%,0.00%, 33.09%, 34.39%, 0.00%, 0.00%, 0.00%, 0.00%, 6.96%, 29.54%,0.00%, 30.51%, 32.99%, 0.00%, 0.00%, 0.00%, 0.00%, 10.63%, 22.76%,0.00%, 34.80%, 31.80%, 0.00%, 0.00%, 0.00%, 0.00%,0.00%, 151.7, 0.2, 16178.5, 15354.3, 0.0, 0.0, 419566.6, 1.000, 0
50, P-SLICE,   50, 27.00,     247152, 0,0.00,37.234, 39.175, 41.857, 38.054,23, 49 48 47 , -, 0.00%,  0.00%,  0.00%, 0.07%,  0.03%,  0.13%, 0.51%,  0.18%,  1.26%, 1.09%,  0.52%,  5.04%, 0.00%,  0.56%,  4.99%, 14.24%, 45.78%,  0.00%,  0.39%,  1.52%,  4.95%,  2.27%,  1.73%,  4.28%, 10.47%, 50696.65, 12440.99, 0.00, 117688.40 , 0, 255, 113.63, 18, 177, 117.08, 91, 232, 135.44, 0.00%, 80.20%,0.00%, 11.39%, 8.42%, 0.00%, 0.00%, 0.00%, 0.00%, 3.06%, 28.87%,0.00%, 29.25%, 38.81%, 0.00%, 0.00%, 0.00%, 0.00%, 8.87%, 26.36%,0.00%, 31.21%, 33.57%, 0.00%, 0.00%, 0.00%, 0.00%, 9.34%, 21.65%,0.00%, 34.44%, 34.57%, 0.00%, 0.00%, 0.00%, 0.00%,0.00%, 83.3, 0.3, 15872.5, 14762.5, 0.0, 0.0, 416807.8, 1.000, 0
51, P-SLICE,   51, 27.00,     249904, 0,0.00,37.205, 39.163, 41.811, 38.025,23, 50 49 48 , -, 0.00%,  0.00%,  0.00%, 0.04%,  0.04%,  0.17%, 0.29%,  0.10%,  1.04%, 1.36%,  0.49%,  5.08%, 0.00%,  0.54%,  5.56%, 14.60%, 46.19%,  0.00%,  0.48%,  1.58%,  5.53%,  2.40%,  1.68%,  3.79%,  9.03%, 51004.07, 12502.93, 0.00, 119080.95 , 0, 255, 113.66, 19, 177, 117.20, 90, 231, 135.40, 0.00%, 81.77%,0.00%, 9.36%, 8.87%, 0.00%, 0.00%, 0.00%, 0.00%, 3.27%, 27.04%,0.00%, 27.77%, 41.92%, 0.00%, 0.00%, 0.00%, 0.00%, 6.69%, 25.08%,0.00%, 33.13%, 35.09%, 0.00%, 0.00%, 0.00%, 0.00%, 9.74%, 20.46%,0.00%, 35.35%, 34.44%, 0.00%, 0.00%, 0.00%, 0.00%,0.00%, 125.6, 0.3, 17452.6, 16741.8, 0.0, 0.0, 416247.0, 1.000, 0
52, P-SLICE,   52, 27.00,     248360, 0,0.00,37.211, 39.177, 41.838, 38.035,23, 51 50 49 , -, 0.00%,  0.00%,  0.00%, 0.06%,  0.04%,  0.12%, 0.33%,  0.12%,  1.11%, 1.32%,  0.47%,  3.64%, 0.00%,  0.55%,  4.78%, 14.56%, 47.04%,  0.00%,  0.37%,  1.59%,  5.83%,  2.22%,  1.94%,  3.81%, 10.09%, 50960.71, 12472.42, 0.00, 115094.21 , 0, 255, 113.66, 18, 174, 117.16, 90, 232, 135.41, 0.00%, 80.00%,0.00%, 9.50%, 10.50%, 0.00%, 0.00%, 0.00%, 0.00%, 3.03%, 31.63%,0.00%, 29.55%, 35.80%, 0.00%, 0.00%, 0.00%, 0.00%, 7.27%, 25.10%,0.00%, 32.82%, 34.81%, 0.00%, 0.00%, 0.00%, 0.00%, 7.57%, 22.20%,0.00%, 36.71%, 33.52%, 0.00%, 0.00%, 0.00%, 0.00%,0.00%, 151.0, 0.2, 14231.7, 13088.4, 0.0, 0.0, 413665.5, 1.000, 0
53, P-SLICE,   53, 27.00,     247568, 0,0.00,37.217, 39.150, 41.797, 38.031,23, 52 51 50 , -, 0.00%,  0.00%,  0.00%, 0.06%,  0.03%,  0.07%, 0.26%,  0.16%,  0.76%, 1.30%,  0.54%,  5.23%, 0.00%,  0.78%,  4.80%, 14.62%, 45.29%,  0.00%,  0.41%,  1.58%,  5.71%,  2.31%,  1.43%,  4.28%, 10.39%, 50877.29, 12548.22, 0.00, 116538.97 , 0, 255, 113.76, 19, 175, 117.06, 90, 231, 135.43, 0.00%, 74.65%,0.00%, 13.36%, 11.98%, 0.00%, 0.00%, 0.00%, 0.00%, 2.31%, 27.04%,0.00%, 32.91%, 37.74%, 0.00%, 0.00%, 0.00%, 0.00%, 5.40%, 27.06%,0.00%, 33.51%, 34.04%, 0.00%, 0.00%, 0.00%, 0.00%, 9.83%, 22.40%,0.00%, 36.32%, 31.44%, 0.00%, 0.00%, 0.00%, 0.00%,0.00%, 151.0, 0.3, 14821.1, 13721.0, 0.0, 0.0, 409765.4, 1.000, 0
54, P-SLICE,   54, 27.00,     245144, 0,0.00,37.216, 39.158, 41.798, 38.032,23, 53 52 51 , -, 0.00%,  0.00%,  0.00%, 0.01%,  0.01%,  0.13%, 0.29%,  0.09%,  0.62%, 1.13%,  0.59%,  4.43%, 0.00%,  0.61%,  5.34%, 15.48%, 45.99%,  0.00%,  0.51%,  1.63%,  6.35%,  2.31%,  1.93%,  3.51%,  9.05%, 50858.30, 12528.68, 0.00, 105718.65 , 0, 255, 113.88, 19, 179, 117.12, 90, 233, 135.46, 0.00%, 79.21%,0.00%, 9.41%, 11.39%, 0.00%, 0.00%, 0.00%, 0.00%, 2.00%, 30.73%,0.00%, 33.09%, 34.18%, 0.00%, 0.00%, 0.00%, 0.00%, 4.61%, 23.77%,0.00%, 33.58%, 38.05%, 0.00%, 0.00%, 0.00%, 0.00%, 8.66%, 21.69%,0.00%, 35.33%, 34.33%, 0.00%, 0.00%, 0.00%, 0.00%,0.00%, 150.4, 0.3, 13062.3, 12420.4, 0.0, 0.0, 403570.2, 1.000, 0
55, P-SLICE,   55, 27.00,     245360, 0,0.00,37.208, 39.168, 41.791, 38.026,23, 54 53 52 , -, 0.00%,  0.00%,  0.00%, 0.03%,  0.03%,  0.06%, 0.09%,  0.06%,  0.66%, 1.49%,  0.55%,  4.29%, 0.00%,  0.60%,  5.40%, 14.94%, 46.87%,  0.00%,  0.45%,  1.46%,  4.96%,  2.49%,  1.68%,  3.85%, 10.05%, 50958.54, 12516.01, 0.00, 100551.93 , 0, 255, 113.99, 18, 180, 117.11, 91, 232, 135.44, 0.00%, 80.66%,0.00%, 10.38%, 8.96%, 0.00%, 0.00%, 0.00%, 0.00%, 1.53%, 27.86%,0.00%, 36.26%, 34.35%, 0.00%, 0.00%, 0.00%, 0.00%, 3.81%, 25.23%,0.00%, 34.86%, 36.11%, 0.00%, 0.00%, 0.00%, 0.00%, 8.83%, 20.93%,0.00%, 36.47%, 33.77%, 0.00%, 0.00%, 0.00%, 0.00%,0.00%, 149.8, 0.2, 11719.3, 11003.0, 0.0, 0.0, 394980.7, 1.000, 0
56, P-SLICE,   56, 27.00,     244264, 0,0.00,37.207, 39.143, 41.798, 38.023,23, 55 54 53 , -, 0.00%,  0.00%,  0.00%, 0.00%,  0.01%,  0.09%, 0.18%,  0.07%,  0.49%, 1.03%,  0.43%,  4.39%, 0.00%,  0.66%,  5.85%, 15.75%, 44.60%,  0.00%,  0.37%,  1.52%,  5.26%,  2.43%,  1.77%,  4.23%, 10.87%, 50982.98, 12545.12, 0.00, 95894.15 , 0, 255, 114.10, 18, 180, 117.05, 91, 233, 135.45, 0.00%, 78.74%,0.00%, 8.21%, 13.04%, 0.00%, 0.00%, 0.00%, 0.00%, 1.29%, 26.47%,0.00%, 36.40%, 35.85%, 0.00%, 0.00%, 0.00%, 0.00%, 3.35%, 25.84%,0.00%, 35.81%, 35.01%, 0.00%, 0.00%, 0.00%, 0.00%, 8.34%, 22.98%,0.00%, 36.57%, 32.11%, 0.00%, 0.00%, 0.00%, 0.00%,0.00%, 150.3, 0.4, 11991.1, 11168.8, 0.0, 0.0, 388905.7, 1.000, 0
57, P-SLICE,   57, 27.00,     247720, 0,0.00,37.170, 39.135, 41.753, 37.988,22, 56 55 54 , -, 0.00%,  0.00%,  0.00%, 0.01%,  0.01%,  0.07%, 0.10%,  0.08%,  0.45%, 1.20%,  0.41%,  3.63%, 0.00%,  0.63%,  5.45%, 13.27%, 49.25%,  0.00%,  0.38%,  1.52%,  5.39%,  2.22%,  1.84%,  4.41%,  9.66%, 51398.92, 12620.12, 0.00, 91907.59 , 0, 255, 114.21, 19, 181, 117.05, 90, 232, 135.46, 0.00%, 77.83%,0.00%, 12.32%, 9.85%, 0.00%, 0.00%, 0.00%, 0.00%, 1.27%, 28.62%,0.00%, 31.88%, 38.22%, 0.00%, 0.00%, 0.00%, 0.00%, 3.19%, 29.88%,0.00%, 30.73%, 36.20%, 0.00%, 0.00%, 0.00%, 0.00%, 7.18%, 20.64%,0.00%, 34.50%, 37.68%, 0.00%, 0.00%, 0.00%, 0.00%,0.00%, 151.7, 0.2, 11676.1, 10918.6, 0.0, 0.0, 382883.4, 1.000, 0
58, P-SLICE,   58, 27.00,     246344, 0,0.00,37.160, 39.110, 41.708, 37.972,21, 57 56 55 , -, 0.00%,  0.00%,  0.00%, 0.03%,  0.01%,  0.04%, 0.18%,  0.06%,  0.59%, 0.63%,  0.40%,  2.90%, 0.00%,  0.50%,  6.08%, 15.02%, 46.89%,  0.00%,  0.32%,  1.70%,  5.12%,  2.36%,  2.02%,  4.82%, 10.32%, 51496.16, 12708.92, 0.00, 91999.08 , 0, 255, 114.29, 18, 179, 117.00, 90, 233, 135.50, 0.00%, 82.56%,0.00%, 6.15%, 11.28%, 0.00%, 0.00%, 0.00%, 0.00%, 1.03%, 27.54%,0.00%, 30.12%, 41.31%, 0.00%, 0.00%, 0.00%, 0.00%, 3.67%, 29.16%,0.00%, 31.13%, 36.04%, 0.00%, 0.00%, 0.00%, 0.00%, 5.63%, 22.12%,0.00%, 34.89%, 37.35%, 0.00%, 0.00%, 0.00%, 0.00%,0.00%, 152.2, 0.4, 11441.1, 10638.4, 0.0, 0.0, 375218.4, 1.000, 0
59, P-SLICE,   59, 27.00,     237440, 0,0.00,37.172, 39.101, 41.719, 37.982,20, 58 57 56 , -, 0.00%,  0.00%,  0.00%, 0.03%,  0.02%,  0.08%, 0.15%,  0.05%,  0.51%, 0.73%,  0.36%,  3.40%, 0.00%,  0.60%,  5.88%, 14.07%, 48.62%,  0.00%,  0.48%,  1.39%,  4.94%,  2.51%,  2.37%,  4.05%,  9.76%, 51361.30, 12700.85, 0.00, 84992.15 , 0, 255, 114.35, 19, 182, 117.06, 90, 232, 135.53, 0.00%, 80.58%,0.00%, 13.11%, 6.31%, 0.00%, 0.00%, 0.00%, 0.00%, 1.37%, 32.25%,0.00%, 28.84%, 37.54%, 0.00%, 0.00%, 0.00%, 0.00%, 3.51%, 26.91%,0.00%, 35.50%, 34.08%, 0.00%, 0.00%, 0.00%, 0.00%, 6.28%, 20.58%,0.00%, 37.16%, 35.98%, 0.00%, 0.00%, 0.00%, 0.00%,0.00%, 153.8, 0.3, 10910.6, 10154.8, 0.0, 0.0, 371092.1, 1.000, 0
60, P-SLICE,   60, 27.00,     246848, 0,0.00,37.166, 39.100, 41.684, 37.973,19, 59 58 57 , -, 0.00%,  0.00%,  0.00%, 0.01%,  0.01%,  0.16%, 0.12%,  0.07%,  0.34%, 0.61%,  0.24%,  3.40%, 0.00%,  0.87%,  5.97%, 15.70%, 47.87%,  0.00%,  0.54%,  1.63%,  4.70%,  2.09%,  1.97%,  4.58%,  9.09%, 51406.64, 12759.55, 0.00, 86716.19 , 0, 255, 114.43, 18, 178, 116.97, 89, 232, 135.55, 0.00%, 70.71%,0.00%, 21.21%, 8.08%, 0.00%, 0.00%, 0.00%, 0.00%, 2.24%, 28.92%,0.00%, 32.87%, 35.97%, 0.00%, 0.00%, 0.00%, 0.00%, 2.39%, 27.66%,0.00%, 34.38%, 35.57%, 0.00%, 0.00%, 0.00%, 0.00%, 6.12%, 19.85%,0.00%, 36.83%, 37.20%, 0.00%, 0.00%, 0.00%, 0.00%,0.00%, 151.1, 0.2, 11367.5, 10604.5, 0.0, 0.0, 363568.3, 1.000, 0
61, P-SLICE,   61, 27.00,     242760, 0,0.00,37.142, 39.093, 41.698, 37.956,18, 60 59 58 , -, 0.00%,  0.00%,  0.00%, 0.00%,  0.00%,  0.03%, 0.13%,  0.04%,  0.32%, 0.75%,  0.29%,  2.54%, 0.00%,  0.72%,  5.98%, 15.63%, 46.44%,  0.00%,  0.45%,  1.41%,  5.26%,  2.00%,  2.15%,  4.58%, 11.27%, 51695.13, 12733.25, 0.00, 83483.98 , 0, 255, 114.50, 19, 180, 117.00, 89, 232, 135.55, 0.00%, 73.54%,0.00%, 15.34%, 11.11%, 0.00%, 0.00%, 0.00%, 0.00%, 0.34%, 30.15%,0.00%, 31.83%, 37.69%, 0.00%, 0.00%, 0.00%, 0.00%, 2.22%, 27.12%,0.00%, 33.51%, 37.16%, 0.00%, 0.00%, 0.00%, 0.00%, 5.11%, 23.62%,0.00%, 35.69%, 35.58%, 0.00%, 0.00%, 0.00%, 0.00%,0.00%, 1.7, 0.2, 12573.0, 11384.6, 0.0, 0.0, 357245.8, 1.000, 0
62, P-SLICE,   62, 27.00,     211448, 0,0.00,37.144, 39.109, 41.706, 37.960,17, 61 60 59 , -, 0.00%,  0.00%,  0.00%, 0.00%,  0.00%,  0.05%, 0.06%,  0.12%,  0.46%, 0.63%,  0.37%,  2.71%, 0.00%,  0.68%,  6.43%, 14.92%, 45.19%,  0.00%,  0.79%,  1.69%,  6.12%,  2.27%,  2.60%,  5.06%,  9.85%, 51670.97, 12680.83, 0.00, 78394.31 , 0, 255, 114.57, 20, 180, 117.06, 90, 232, 135.53, 0.00%, 76.96%,0.00%, 13.61%, 9.42%, 0.00%, 0.00%, 0.00%, 0.00%, 0.47%, 34.33%,0.00%, 31.35%, 33.86%, 0.00%, 0.00%, 0.00%, 0.00%, 2.91%, 30.21%,0.00%, 32.36%, 34.51%, 0.00%, 0.00%, 0.00%, 0.00%, 5.41%, 23.29%,0.00%, 36.74%, 34.56%, 0.00%, 0.00%, 0.00%, 0.00%,0.00%, 1.1, 0.3, 11006.0, 10406.7, 0.0, 0.0, 349735.4, 1.000, 0
63, P-SLICE,   63, 27.00,     202808, 0,0.00,37.158, 39.101, 41.754, 37.975,16, 62 61 60 , -, 0.00%,  0.00%,  0.00%, 0.05%,  0.00%,  0.06%, 0.11%,  0.09%,  0.40%, 0.76%,  0.36%,  2.43%, 0.00%,  0.79%,  5.86%, 15.05%, 46.54%,  0.00%,  0.39%,  1.44%,  5.56%,  2.29%,  3.16%,  4.60%, 10.06%, 51491.04, 12648.62, 0.00, 77585.05 , 0, 255, 114.57, 18, 178, 117.04, 91, 233, 135.54, 0.00%, 74.37%,0.00%, 15.58%, 10.05%, 0.00%, 0.00%, 0.00%, 0.00%, 1.14%, 37.30%,0.00%, 31.43%, 30.13%, 0.00%, 0.00%, 0.00%, 0.00%, 2.79%, 27.86%,0.00%, 32.71%, 36.64%, 0.00%, 0.00%, 0.00%, 0.00%, 5.11%, 22.50%,0.00%, 37.37%, 35.02%, 0.00%, 0.00%, 0.00%, 0.00%,0.00%, 0.6, 0.3, 10372.1, 9768.7, 0.0, 0.0, 344046.4, 1.000, 0
64, P-SLICE,   64, 27.00,     222800, 0,0.00,37.169, 39.117, 41.816, 37.993,15, 63 62 61 , -, 0.00%,  0.00%,  0.00%, 0.03%,  0.00%,  0.09%, 0.24%,  0.06%,  0.30%, 1.21%,  0.41%,  2.98%, 0.00%,  0.80%,  6.26%, 14.54%, 47.50%,  0.00%,  0.51%,  1.59%,  4.63%,  2.27%,  2.00%,  4.31%, 10.28%, 51449.34, 12552.87, 0.00, 83651.54 , 0, 255, 114.62, 18, 179, 116.92, 90, 233, 135.53, 0.00%, 73.89%,0.00%, 18.72%, 7.39%, 0.00%, 0.00%, 0.00%, 0.00%, 1.36%, 28.23%,0.00%, 37.41%, 32.99%, 0.00%, 0.00%, 0.00%, 0.00%, 2.87%, 28.02%,0.00%, 32.97%, 36.14%, 0.00%, 0.00%, 0.00%, 0.00%, 6.51%, 21.10%,0.00%, 37.44%, 34.95%, 0.00%, 0.00%, 0.00%, 0.00%,0.00%, 0.6, 0.3, 10673.0, 9957.1, 0.0, 0.0, 339217.0, 1.000, 0
65, P-SLICE,   65, 27.00,     233336, 0,0.00,37.213, 39.148, 41.854, 38.035,14, 64 63 62 , -, 0.00%,  0.00%,  0.00%, 0.01%,  0.00%,  0.06%, 0.19%,  0.06%,  0.47%, 1.05%,  0.32%,  3.75%, 0.00%,  0.67%,  5.73%, 15.20%, 46.54%,  0.00%,  0.47%,  1.52%,  5.70%,  2.26%,  2.09%,  4.07%,  9.83%, 50916.07, 12469.96, 0.00, 86388.70 , 0, 255, 114.61, 18, 179, 116.85, 90, 232, 135.55, 0.00%, 77.00%,0.00%, 12.00%, 11.00%, 0.00%, 0.00%, 0.00%, 0.00%, 0.88%, 30.65%,0.00%, 32.40%, 36.08%, 0.00%, 0.00%, 0.00%, 0.00%, 3.34%, 26.00%,0.00%, 35.60%, 35.06%, 0.00%, 0.00%, 0.00%, 0.00%, 7.25%, 21.96%,0.00%, 36.25%, 34.55%, 0.00%, 0.00%, 0.00%, 0.00%,0.00%, 0.6, 0.3, 11416.2, 10660.1, 0.0, 0.0, 333005.9, 1.000, 0
66, P-SLICE,   66, 27.00,     243904, 0,0.00,37.195, 39.145, 41.854, 38.021,13, 65 64 63 , -, 0.00%,  0.00%,  0.00%, 0.01%,  0.03%,  0.06%, 0.19%,  0.07%,  0.41%, 1.33%,  0.52%,  4.16%, 0.00%,  0.80%,  5.82%, 15.18%, 46.50%,  0.00%,  0.44%,  1.55%,  4.69%,  2.18%,  2.05%,  4.00%,  9.99%, 51136.72, 12487.92, 0.00, 94178.50 , 0, 255, 114.61, 18, 179, 116.92, 90, 231, 135.58, 0.00%, 73.27%,0.00%, 17.82%, 8.91%, 0.00%, 0.00%, 0.00%, 0.00%, 1.23%, 29.65%,0.00%, 32.63%, 36.49%, 0.00%, 0.00%, 0.00%, 0.00%, 3.17%, 25.93%,0.00%, 34.41%, 36.48%, 0.00%, 0.00%, 0.00%, 0.00%, 8.49%, 20.76%,0.00%, 36.10%, 34.64%, 0.00%, 0.00%, 0.00%, 0.00%,0.00%, 0.6, 0.3, 11625.2, 10679.3, 0.0, 0.0, 326756.6, 1.000, 0
67, P-SLICE,   67, 27.00,     243800, 0,0.00,37.193, 39.164, 41.868, 38.024,12, 66 65 64 , -, 0.00%,  0.00%,  0.00%, 0.01%,  0.00%,  0.06%, 0.14%,  0.07%,  0.62%, 1.45%,  0.66%,  4.88%, 0.00%,  0.76%,  4.99%, 14.34%, 47.43%,  0.00%,  0.41%,  1.83%,  5.88%,  2.12%,  2.04%,  3.44%,  8.87%, 51143.96, 12453.55, 0.00, 96182.44 , 0, 255, 114.59, 19, 181, 116.93, 90, 232, 135.58, 0.00%, 73.66%,0.00%, 14.15%, 12.20%, 0.00%, 0.00%, 0.00%, 0.00%, 0.94%, 32.58%,0.00%, 30.34%, 36.14%, 0.00%, 0.00%, 0.00%, 0.00%, 4.06%, 25.79%,0.00%, 32.53%, 37.62%, 0.00%, 0.00%, 0.00%, 0.00%, 9.63%, 20.33%,0.00%, 36.34%, 33.70%, 0.00%, 0.00%, 0.00%, 0.00%,0.00%, 0.6, 0.3, 11746.7, 10916.8, 0.0, 0.0, 322866.8, 1.000, 0
68, P-SLICE,   68, 27.00,     240024, 0,0.00,37.204, 39.182, 41.882, 38.036,11, 67 66 65 , -, 0.00%,  0.00%,  0.00%, 0.01%,  0.03%,  0.09%, 0.27%,  0.04%,  0.58%, 1.41%,  0.85%,  4.45%, 0.00%,  0.71%,  5.23%, 15.63%, 46.23%,  0.00%,  0.54%,  1.35%,  4.30%,  2.44%,  1.95%,  4.06%,  9.81%, 51033.96, 12408.63, 0.00, 101671.80 , 0, 255, 114.56, 20, 179, 116.91, 90, 231, 135.59, 0.00%, 77.36%,0.00%, 11.79%, 10.85%, 0.00%, 0.00%, 0.00%, 0.00%, 1.71%, 31.69%,0.00%, 27.13%, 39.47%, 0.00%, 0.00%, 0.00%, 0.00%, 4.07%, 24.69%,0.00%, 33.45%, 37.79%, 0.00%, 0.00%, 0.00%, 0.00%, 9.51%, 19.98%,0.00%, 35.46%, 35.05%, 0.00%, 0.00%, 0.00%, 0.00%,0.00%, 0.6, 0.3, 11435.7, 10662.0, 0.0, 0.0, 320523.9, 1.000, 0
69, P-SLICE,   69, 27.00,     242960, 0,0.00,37.234, 39.195, 41.906, 38.063,10, 68 67 66 , -, 0.00%,  0.00%,  0.00%, 0.01%,  0.01%,  0.04%, 0.30%,  0.12%,  0.72%, 1.32%,  0.62%,  5.20%, 0.00%,  0.71%,  5.16%, 15.43%, 45.82%,  0.00%,  0.21%,  1.00%,  3.89%,  2.47%,  2.07%,  4.43%, 10.48%, 50710.99, 12366.95, 0.00, 105343.71 , 0, 255, 114.52, 20, 178, 116.91, 89, 233, 135.59, 0.00%, 77.67%,0.00%, 13.02%, 9.30%, 0.00%, 0.00%, 0.00%, 0.00%, 0.98%, 30.31%,0.00%, 30.91%, 37.80%, 0.00%, 0.00%, 0.00%, 0.00%, 5.17%, 24.71%,0.00%, 33.58%, 36.53%, 0.00%, 0.00%, 0.00%, 0.00%, 10.07%, 20.27%,0.00%, 35.07%, 34.59%, 0.00%, 0.00%, 0.00%, 0.00%,0.00%, 0.6, 0.3, 11682.7, 10943.8, 0.0, 0.0, 314844.6, 1.000, 0
70, P-SLICE,   70, 27.00,     254984, 0,0.00,37.232, 39.234, 41.916, 38.068,9, 69 68 67 , -, 0.00%,  0.00%,  0.00%, 0.03%,  0.00%,  0.05%, 0.22%,  0.14%,  0.71%, 1.83%,  0.55%,  5.39%, 0.00%,  0.56%,  5.33%, 15.80%, 46.15%,  0.00%,  0.52%,  1.42%,  4.92%,  2.06%,  1.66%,  3.67%,  8.99%, 50728.43, 12290.46, 0.00, 109933.83 , 0, 255, 114.49, 18, 175, 116.94, 89, 232, 135.61, 0.00%, 78.53%,0.00%, 13.61%, 7.85%, 0.00%, 0.00%, 0.00%, 0.00%, 1.08%, 28.75%,0.00%, 32.19%, 37.97%, 0.00%, 0.00%, 0.00%, 0.00%, 4.88%, 23.15%,0.00%, 33.35%, 38.61%, 0.00%, 0.00%, 0.00%, 0.00%, 10.92%, 19.55%,0.00%, 33.66%, 35.88%, 0.00%, 0.00%, 0.00%, 0.00%,0.00%, 0.6, 0.3, 12380.5, 11602.9, 0.0, 0.0, 310445.0, 1.000, 0
71, P-SLICE,   71, 27.00,     255592, 0,0.00,37.217, 39.208, 41.915, 38.053,8, 70 69 68 , -, 0.00%,  0.00%,  0.00%, 0.06%,  0.03%,  0.13%, 0.35%,  0.11%,  0.98%, 1.34%,  0.40%,  4.75%, 0.00%,  0.78%,  5.90%, 14.82%, 46.89%,  0.00%,  0.42%,  1.45%,  5.21%,  1.69%,  2.25%,  3.92%,  8.53%, 50859.58, 12345.76, 0.00, 116036.80 , 0, 255, 114.47, 18, 178, 116.81, 90, 232, 135.62, 0.00%, 68.36%,0.00%, 22.60%, 9.04%, 0.00%, 0.00%, 0.00%, 0.00%, 2.38%, 30.37%,0.00%, 33.23%, 34.02%, 0.00%, 0.00%, 0.00%, 0.00%, 6.65%, 24.84%,0.00%, 33.16%, 35.35%, 0.00%, 0.00%, 0.00%, 0.00%, 9.21%, 19.49%,0.00%, 36.23%, 35.06%, 0.00%, 0.00%, 0.00%, 0.00%,0.00%, 0.6, 0.3, 12577.6, 11828.0, 0.0, 0.0, 305267.0, 1.000, 0
72, P-SLICE,   72, 27.00,     250208, 0,0.00,37.222, 39.217, 41.920, 38.058,7, 71 70 69 , -, 0.00%,  0.00%,  0.00%, 0.06%,  0.01%,  0.09%, 0.32%,  0.10%,  1.19%, 1.74%,  0.46%,  5.68%, 0.00%,  0.89%,  5.50%, 15.78%, 44.45%,  0.00%,  0.33%,  1.51%,  4.68%,  1.91%,  2.10%,  3.80%,  9.39%, 50837.92, 12316.94, 0.00, 123194.85 , 0, 255, 114.55, 19, 178, 116.80, 90, 233, 135.63, 0.00%, 68.21%,0.00%, 22.56%, 9.23%, 0.00%, 0.00%, 0.00%, 0.00%, 1.96%, 30.07%,0.00%, 31.32%, 36.65%, 0.00%, 0.00%, 0.00%, 0.00%, 7.10%, 23.38%,0.00%, 33.78%, 35.74%, 0.00%, 0.00%, 0.00%, 0.00%, 11.29%, 20.14%,0.00%, 34.47%, 34.10%, 0.00%, 0.00%, 0.00%, 0.00%,0.00%, 1.1, 0.2, 12298.5, 11572.5, 0.0, 0.0, 302104.0, 1.000, 0
73, P-SLICE,   73, 27.00,     244600, 0,0.00,37.218, 39.218, 41.930, 38.057,6, 72 71 70 , -, 0.00%,  0.00%,  0.00%, 0.11%,  0.02%,  0.09%, 0.33%,  0.14%,  1.25%, 1.58%,  0.54%,  5.45%, 0.00%,  0.93%,  5.72%, 14.14%, 44.77%,  0.00%,  0.45%,  1.58%,  5.91%,  2.23%,  1.96%,  3.69%,  9.15%, 50872.13, 12293.41, 0.00, 123372.84 , 0, 255, 114.67, 20, 177, 116.80, 89, 233, 135.65, 0.00%, 70.48%,0.00%, 17.62%, 11.90%, 0.00%, 0.00%, 0.00%, 0.00%, 2.53%, 28.88%,0.00%, 31.23%, 37.36%, 0.00%, 0.00%, 0.00%, 0.00%, 8.12%, 24.93%,0.00%, 31.84%, 35.11%, 0.00%, 0.00%, 0.00%, 0.00%, 10.66%, 21.21%,0.00%, 35.64%, 32.50%, 0.00%, 0.00%, 0.00%, 0.00%,0.00%, 1.1, 0.2, 11815.1, 11097.1, 0.0, 0.0, 297658.0, 1.000, 0
74, P-SLICE,   74, 27.00,     246800, 0,0.00,37.217, 39.226, 41.938, 38.058,5, 73 72 71 , -, 0.00%,  0.00%,  0.00%, 0.12%,  0.01%,  0.15%, 0.35%,  0.13%,  1.07%, 1.54%,  0.85%,  6.07%, 0.00%,  0.78%,  5.72%, 14.04%, 44.14%,  0.00%,  0.53%,  1.62%,  4.84%,  2.14%,  1.96%,  3.88%, 10.08%, 50871.72, 12301.20, 0.00, 127399.44 , 0, 255, 114.74, 19, 175, 116.77, 90, 233, 135.67, 0.00%, 73.37%,0.00%, 17.09%, 9.55%, 0.00%, 0.00%, 0.00%, 0.00%, 3.28%, 29.31%,0.00%, 27.76%, 39.66%, 0.00%, 0.00%, 0.00%, 0.00%, 7.35%, 26.07%,0.00%, 30.37%, 36.20%, 0.00%, 0.00%, 0.00%, 0.00%, 11.90%, 21.00%,0.00%, 33.98%, 33.11%, 0.00%, 0.00%, 0.00%, 0.00%,0.00%, 1.1, 0.2, 12265.9, 11558.3, 0.0, 0.0, 293928.1, 1.000, 0
75, P-SLICE,   75, 27.00,     247248, 0,0.00,37.243, 39.251, 41.937, 38.081,4, 74 73 72 , -, 0.00%,  0.00%,  0.00%, 0.07%,  0.06%,  0.19%, 0.45%,  0.12%,  0.73%, 1.77%,  0.49%,  5.09%, 0.00%,  0.62%,  6.02%, 14.03%, 45.47%,  0.00%,  0.53%,  1.57%,  5.12%,  2.01%,  2.26%,  4.27%,  9.12%, 50537.74, 12231.59, 0.00, 129842.79 , 0, 255, 114.85, 18, 175, 116.77, 89, 232, 135.68, 0.00%, 76.50%,0.00%, 15.85%, 7.65%, 0.00%, 0.00%, 0.00%, 0.00%, 3.47%, 30.60%,0.00%, 30.44%, 35.49%, 0.00%, 0.00%, 0.00%, 0.00%, 6.12%, 27.60%,0.00%, 33.65%, 32.63%, 0.00%, 0.00%, 0.00%, 0.00%, 10.43%, 20.20%,0.00%, 35.96%, 33.41%, 0.00%, 0.00%, 0.00%, 0.00%,0.00%, 1.1, 0.2, 12237.3, 11520.1, 0.0, 0.0, 288562.3, 1.000, 0
76, P-SLICE,   76, 27.00,     246528, 0,0.00,37.231, 39.241, 41.952, 38.073,3, 75 74 73 , -, 0.00%,  0.00%,  0.00%, 0.12%,  0.01%,  0.19%, 0.40%,  0.14%,  1.05%, 1.56%,  0.71%,  5.57%, 0.00%,  0.81%,  5.11%, 13.89%, 45.71%,  0.00%,  0.35%,  1.07%,  4.80%,  2.12%,  2.10%,  4.88%,  9.42%, 50687.13, 12237.44, 0.00, 119584.45 , 0, 255, 115.00, 18, 177, 116.75, 90, 232, 135.71, 0.00%, 72.41%,0.00%, 18.23%, 9.36%, 0.00%, 0.00%, 0.00%, 0.00%, 4.02%, 31.08%,0.00%, 30.35%, 34.55%, 0.00%, 0.00%, 0.00%, 0.00%, 7.46%, 27.76%,0.00%, 31.38%, 33.40%, 0.00%, 0.00%, 0.00%, 0.00%, 11.00%, 19.96%,0.00%, 34.43%, 34.61%, 0.00%, 0.00%, 0.00%, 0.00%,0.00%, 0.6, 0.2, 12349.7, 11632.1, 0.0, 0.0, 286529.9, 1.000, 0
77, P-SLICE,   77, 27.00,     240432, 0,0.00,37.202, 39.237, 41.930, 38.047,2, 76 75 74 , -, 0.00%,  0.00%,  0.00%, 0.14%,  0.02%,  0.32%, 0.33%,  0.21%,  1.28%, 1.40%,  0.58%,  5.36%, 0.00%,  0.81%,  5.59%, 14.87%, 45.04%,  0.00%,  0.49%,  1.32%,  4.43%,  2.22%,  2.50%,  4.22%,  8.89%, 50989.45, 12262.68, 0.00, 122594.92 , 0, 255, 115.22, 18, 177, 116.61, 91, 232, 135.73, 0.00%, 73.37%,0.00%, 13.07%, 13.57%, 0.00%, 0.00%, 0.00%, 0.00%, 5.22%, 33.00%,0.00%, 28.28%, 33.50%, 0.00%, 0.00%, 0.00%, 0.00%, 8.21%, 24.91%,0.00%, 30.66%, 36.21%, 0.00%, 0.00%, 0.00%, 0.00%, 10.58%, 19.21%,0.00%, 35.14%, 35.07%, 0.00%, 0.00%, 0.00%, 0.00%,0.00%, 1.1, 0.2, 11700.5, 10922.2, 0.0, 0.0, 283260.0, 1.000, 0
78, P-SLICE,   78, 27.00,     231440, 0,0.00,37.236, 39.258, 41.971, 38.081,1, 77 76 75 , -, 0.00%,  0.00%,  0.00%, 0.06%,  0.02%,  0.24%, 0.47%,  0.17%,  1.07%, 1.42%,  0.76%,  6.32%, 0.00%,  0.59%,  4.87%, 14.71%, 43.33%,  0.00%,  0.33%,  1.76%,  5.21%,  2.69%,  2.30%,  3.84%,  9.84%, 50583.17, 12172.46, 0.00, 123887.29 , 0, 255, 115.34, 19, 177, 116.56, 90, 232, 135.78, 0.00%, 82.03%,0.00%, 7.37%, 10.60%, 0.00%, 0.00%, 0.00%, 0.00%, 4.06%, 33.66%,0.00%, 32.88%, 29.40%, 0.00%, 0.00%, 0.00%, 0.00%, 7.77%, 25.43%,0.00%, 31.96%, 34.85%, 0.00%, 0.00%, 0.00%, 0.00%, 12.06%, 21.33%,0.00%, 32.68%, 33.93%, 0.00%, 0.00%, 0.00%, 0.00%,0.00%, 1.1, 0.2, 11535.3, 10622.0, 0.0, 0.0, 281584.2, 1.000, 0
79, P-SLICE,   79, 27.00,     228688, 0,0.00,37.247, 39.286, 41.973, 38.092,0, 78 77 76 , -, 0.00%,  0.00%,  0.00%, 0.20%,  0.05%,  0.26%, 0.36%,  0.20%,  1.08%, 1.95%,  0.80%,  5.54%, 0.00%,  0.65%,  4.82%, 13.69%, 44.51%,  0.00%,  0.38%,  1.26%,  4.23%,  2.54%,  2.54%,  4.23%, 10.75%, 50469.35, 12132.67, 0.00, 115451.75 , 0, 255, 115.23, 18, 174, 116.55, 89, 232, 135.84, 0.00%, 79.72%,0.00%, 9.91%, 10.38%, 0.00%, 0.00%, 0.00%, 0.00%, 6.02%, 35.40%,0.00%, 26.46%, 32.12%, 0.00%, 0.00%, 0.00%, 0.00%, 7.86%, 26.39%,0.00%, 30.57%, 35.18%, 0.00%, 0.00%, 0.00%, 0.00%, 11.61%, 20.98%,0.00%, 33.01%, 34.40%, 0.00%, 0.00%, 0.00%, 0.00%,0.00%, 2.2, 0.2, 11394.4, 10622.6, 0.0, 0.0, 281111.2, 1.000, 0

Summary
Command, Date/Time, Elapsed Time, FPS, Bitrate, Y PSNR, U PSNR, V PSNR, Global PSNR, SSIM, SSIM (dB), I count, I ave-QP, I kbps, I-PSNR Y, I-PSNR U, I-PSNR V, I-SSIM (dB), P count, P ave-QP, P kbps, P-PSNR Y, P-PSNR U, P-PSNR V, P-SSIM (dB), B count, B ave-QP, B kbps, B-PSNR Y, B-PSNR U, B-PSNR V, B-SSIM (dB), MaxCLL, MaxFALL, Version
" --input-res 1920x1080 --fps 50 --preset 5 -f 80 --qp 27 --bframes 0 --b-adapt 0 --keyint -1 --input /data/videos/1080p/Cactus_1920x1080_50.yuv --frame-threads 1 --no-wpp --no-pmode --no-pme --lookahead-slices 0 -o /home/tom/intra-pin-memapprox/examples/x265_2.5/outputs/Cactus_1920x1080_50/videos/Cactus_1920x1080_50_qp27_1E-5_0.0.265 --wber-intra 1E-5 --rber-intra 0.0 --psnr --csv-log-level 2 --csv /home/tom/intra-pin-memapprox/examples/x265_2.5/outputs/Cactus_1920x1080_50/csv/Cactus_1920x1080_50_qp27_1E-5_0.0.csv --tune psnr --tune ssim", Mon Jul 23 19:02:03 2018, 1351.12, 0.06, 12899.05, 37.239, 39.195, 41.933, 38.070, -, -, 1     , 24.00, 93009.20, 39.621, 40.952, 43.316, -, 79    , 27.00, 11884.99, 37.209, 39.173, 41.916, -, -, -, -, -, -, -, -, 255   , 113   , 2.5
